0.000000000000000000e+00
0.000000000000000000e+00
0.000000000000000000e+00
0.000000000000000000e+00
0.000000000000000000e+00
0.000000000000000000e+00
0.000000000000000000e+00
0.000000000000000000e+00
0.000000000000000000e+00
0.000000000000000000e+00
0.000000000000000000e+00
0.000000000000000000e+00
0.000000000000000000e+00
0.000000000000000000e+00
0.000000000000000000e+00
0.000000000000000000e+00
0.000000000000000000e+00
0.000000000000000000e+00
0.000000000000000000e+00
0.000000000000000000e+00
0.000000000000000000e+00
0.000000000000000000e+00
0.000000000000000000e+00
0.000000000000000000e+00
0.000000000000000000e+00
0.000000000000000000e+00
0.000000000000000000e+00
0.000000000000000000e+00
0.000000000000000000e+00
0.000000000000000000e+00
0.000000000000000000e+00
0.000000000000000000e+00
0.000000000000000000e+00
0.000000000000000000e+00
0.000000000000000000e+00
0.000000000000000000e+00
0.000000000000000000e+00
0.000000000000000000e+00
0.000000000000000000e+00
0.000000000000000000e+00
0.000000000000000000e+00
0.000000000000000000e+00
0.000000000000000000e+00
0.000000000000000000e+00
0.000000000000000000e+00
0.000000000000000000e+00
0.000000000000000000e+00
0.000000000000000000e+00
0.000000000000000000e+00
0.000000000000000000e+00
0.000000000000000000e+00
0.000000000000000000e+00
0.000000000000000000e+00
0.000000000000000000e+00
0.000000000000000000e+00
0.000000000000000000e+00
0.000000000000000000e+00
0.000000000000000000e+00
0.000000000000000000e+00
0.000000000000000000e+00
1.437826816531714957e+00
1.265629869050792555e+00
9.860304813339452190e-01
6.788091745565555390e-01
7.170912890882937818e-01
6.614977299628574947e-01
7.350685444205027341e-01
4.512074008594745833e-01
-6.927621279398878118e-02
-8.048947973993374472e-01
-1.554168415045414475e+00
-1.938211962193364224e+00
-2.428995484136074801e+00
-2.802351474346421512e+00
-2.814898238952579401e+00
-2.438247331519146854e+00
-2.415607361140533094e+00
-2.140521277231181241e+00
-1.966950961471419568e+00
-1.332992881490715931e+00
-1.267779747362300036e+00
-8.621561636612011803e-01
-6.095603732777040706e-01
6.037356502457612989e-02
3.058416926799015778e-01
7.306888412097611862e-01
1.067949504096349589e+00
1.214308907107199076e+00
1.365572019890410216e+00
1.498495579871346628e+00
1.447951543461562629e+00
1.354487218940823912e+00
1.455515004968587434e+00
2.503566682151697975e+00
2.838091550834444643e+00
2.355083739719886271e+00
1.270172762606035066e+00
2.480666376928331585e-01
-2.491126223776266024e-01
1.931429193689760543e-02
2.045447899779488377e-01
2.280557493901909094e-01
5.032434211065784507e-02
-1.563788920297510820e-01
-1.589060047928902708e-01
-1.333703329204720400e-01
-3.943787524273575928e-01
-1.209597538178560194e+00
-1.924473864582094240e+00
-1.886290147896287683e+00
-1.077091010401805882e+00
1.783335886036922224e-01
3.883547966279469410e+00
1.673592318727645134e+00
2.237131893252702231e+00
2.348390765586317652e+00
2.605788577248275839e+00
-2.942562301804186653e+00
-2.198961877113305707e+00
-3.946811802153026516e+00
-4.074241066262126232e+00
-4.026514537180498010e+00
-3.685605951749392428e+00
-2.740843597619828653e+00
-3.492861971308876434e+00
-3.864025960788869174e+00
-4.204283288692602483e+00
-4.645710310339299931e-01
-1.376574577979709169e+00
-2.032390002349885982e+00
-2.574339130543392695e+00
2.205545636576974999e+00
1.795096941532281720e+00
1.060505151435528370e+00
2.113232092195805600e-01
3.990263790833348700e+00
3.457333245392546939e+00
3.171568952494252525e+00
1.136151391174355485e+00
1.924544378230347741e+00
3.611360255493646143e+00
3.168350967695681142e+00
2.190442599991156314e+00
1.725859648158332149e+00
1.131987953164453886e+00
3.643603550114401513e-01
-4.578252903908603955e-01
-1.803422816253625049e-01
1.554884949734302302e-01
1.859970427091343637e-01
1.118464804087761048e-02
-1.647110590118325557e-01
-4.366706620743187606e-01
-1.047453964836358109e+00
-1.365503666277330330e+00
-1.369025683567534957e+00
-1.158142204945348697e+00
-5.422317643341503235e-01
2.296835408206546747e-01
-1.383633717185684286e+00
-2.737682121658182033e-01
2.364407537789713576e+00
-1.472132460435541246e+00
2.190650346275872185e+00
3.861697422355991449e+00
-2.534652482204602375e+00
-2.959240451951240747e+00
-2.707093899655264480e+00
-3.215934531827260856e-01
-8.961651510214345695e-01
2.986636566249940117e+00
1.783849269037690588e+00
3.851011203207112210e+00
5.778683656073362318e-01
1.821325941809800009e+00
-3.281463962718980998e+00
-3.018802468346672541e+00
2.139833886959025655e+00
3.488367965230187107e+00
1.226319356719650422e+00
3.888238462246134564e+00
-5.542394213782543266e-01
2.998535656244175396e+00
-9.835946287907255670e-01
-5.937362400330005174e-01
8.998919025059116950e-02
2.728947453847374027e-01
3.849322061070584167e-02
-7.538960644148736678e-01
-1.507837526591561117e+00
-1.349461217142114089e+00
-1.004166850042297332e+00
6.439786849068490637e-02
-1.754112502610659430e+00
3.199622698815168143e+00
-2.330413971845532561e+00
6.688723981285215059e-01
-1.804335940182032694e+00
6.812254165607087852e-01
4.817479718100264319e-01
-8.895992884094586772e-01
3.555826342388993755e+00
-6.948618714957711939e-02
-5.942463971687269586e-01
2.248985292937767166e+00
-1.739711712011827949e+00
1.129678628917588190e+00
1.014208232637761498e+00
4.662019122717153130e-01
1.506180977418301925e+00
-1.464390294737849263e-01
3.447053067844061958e-01
-6.888770630443109555e-01
1.406189680356346727e-01
3.145125196692061031e+00
-1.942720993060230050e+00
-1.446962590242181212e+00
-1.893867296389732058e+00
3.313976236224942085e+00
2.950794448050990226e+00
1.498951880875832587e-01
-1.980303909233630755e+00
2.141955375889336821e+00
6.671083817498037194e-02
1.939294107096232400e+00
-2.216721827561563829e-01
-2.041355824925429108e+00
-2.626801215329240602e+00
2.853452189875844258e+00
-2.860156905268044891e+00
-1.368074068901436791e+00
1.129178579534687143e+00
1.632852957063972710e+00
-3.599790164556374572e-01
2.516767637660864310e+00
-3.121984235328139512e+00
-3.537381588103239577e-02
-3.897161887036168504e-01
1.632410977577066546e+00
-2.271679000050232933e+00
-1.651026594439375161e+00
-2.287404923181292737e+00
-9.524244221526648735e-01
0.000000000000000000e+00
0.000000000000000000e+00
-1.633333070575125889e+00
-1.507416081095323879e+00
0.000000000000000000e+00
0.000000000000000000e+00
3.341624547272812468e-02
-1.161921768341583006e+00
0.000000000000000000e+00
0.000000000000000000e+00
4.506847318483541698e-01
1.711348625866562778e-01
0.000000000000000000e+00
0.000000000000000000e+00
1.277510708786852023e+00
1.637867169176008719e+00
0.000000000000000000e+00
0.000000000000000000e+00
-2.815832996347703343e+00
-1.272922066615705949e+00
0.000000000000000000e+00
0.000000000000000000e+00
1.688388175173276107e+00
2.365218210129629850e-01
0.000000000000000000e+00
0.000000000000000000e+00
-2.452942307585833370e-01
-2.823713434713119308e-01
0.000000000000000000e+00
0.000000000000000000e+00
-6.374699788976787573e-01
-1.652895057780300325e+00
0.000000000000000000e+00
-1.398930970307969313e+00
-2.253570177290693533e+00
0.000000000000000000e+00
-1.939152129562465410e+00
-2.654152042212270857e+00
0.000000000000000000e+00
-1.782763143618177892e+00
-2.813328929505012344e+00
0.000000000000000000e+00
-1.490648561224326096e+00
0.000000000000000000e+00
-1.510271665670070984e+00
-8.264962785796492462e-01
0.000000000000000000e+00
-1.582075002371848005e-01
-8.410370304483065773e-01
0.000000000000000000e+00
-1.566940959724560267e+00
-1.669873250007507748e+00
0.000000000000000000e+00
-1.250442116104750534e+00
-2.361155083330770843e+00
-6.015613283447531767e-01
0.000000000000000000e+00
-4.753108793532124232e-01
-1.911408389579294653e-01
0.000000000000000000e+00
1.686257776688757870e+00
2.471908119188908071e-01
0.000000000000000000e+00
1.558019905908097691e+00
2.682110444286372464e-01
0.000000000000000000e+00
1.369309127883004962e+00
0.000000000000000000e+00
2.085709374050169540e+00
-9.523912723976228623e-02
0.000000000000000000e+00
1.095675315425939766e+00
-4.200677925572069565e-02
0.000000000000000000e+00
-2.046175153743872571e-02
4.358227731479333289e-01
0.000000000000000000e+00
5.339847660639704952e-01
9.036235169006063828e-01
3.833714259840667604e-02
0.000000000000000000e+00
-1.637716910901642134e-02
9.082446973735446294e-01
0.000000000000000000e+00
1.710805565612918855e+00
2.588190326651811812e+00
0.000000000000000000e+00
9.368669166685928973e-01
2.072658125547589769e+00
0.000000000000000000e+00
1.687910594146848631e+00
0.000000000000000000e+00
1.573618003003518728e+00
1.172150829232139424e+00
0.000000000000000000e+00
5.209335298223717325e-01
1.498285120001578319e+00
0.000000000000000000e+00
2.388872815947158390e+00
2.842749129412275977e+00
0.000000000000000000e+00
1.283778283708464807e+00
2.845674586526196759e+00
1.662052711618156486e+00
0.000000000000000000e+00
7.084514344699851529e-01
1.485087818061117337e+00
0.000000000000000000e+00
1.033137801640019005e+00
1.910967885896017959e+00
0.000000000000000000e+00
1.074341280651251340e+00
8.642092091781254926e-01
0.000000000000000000e+00
-2.191182100923045883e-01
0.000000000000000000e+00
-5.816814792027569236e-01
1.400529401057677148e-01
0.000000000000000000e+00
2.743970292918074261e-01
9.631173393309923336e-02
0.000000000000000000e+00
-1.948178008296377328e-01
-3.300060452261856514e-01
0.000000000000000000e+00
-4.534481778137047087e-02
-3.367367213876961141e-01
-4.501212237923479242e-01
0.000000000000000000e+00
-6.265377587790526448e+00
-6.728772682343940659e+00
0.000000000000000000e+00
-7.996670806956991839e+00
-6.576055355687444148e+00
0.000000000000000000e+00
-5.251513093433987756e+00
-3.565448205838249507e+00
-6.743130677328642575e-01
-8.866162238809627283e-01
0.000000000000000000e+00
1.409127133511394847e+00
-1.705070719272379076e-01
0.000000000000000000e+00
-6.526787499835501327e-01
-3.017207288230527307e-01
0.000000000000000000e+00
-6.713005923218959836e-01
-3.674904900709748401e-01
-6.512649016057026063e-01
-5.059300731202692747e-01
0.000000000000000000e+00
3.066519872212666864e-01
1.922186974256150371e-01
0.000000000000000000e+00
4.394321545618350977e-01
4.194024688030600911e-01
0.000000000000000000e+00
1.622566849516253185e-01
-1.403271676575771065e-01
-3.536558040469601760e-01
-1.271229046117612338e+00
0.000000000000000000e+00
6.107037815895899335e-01
1.639864233245879710e+00
0.000000000000000000e+00
3.874204221224697875e+00
5.137093381893071964e+00
0.000000000000000000e+00
5.289400645466999507e+00
6.175178895960685921e+00
3.515811895026403455e+00
3.086063251222117554e+00
3.063448457791558346e-02
-5.454574631059156964e-01
-9.435593322465940513e-01
-2.131880658171748433e+00
-2.240525481770950789e-01
-1.142130892754170457e+00
1.959173115984891578e-01
-1.373681755915656666e+00
-8.696445240973910140e-02
8.942028703414329760e-01
-4.582803147328772253e-01
-7.812049044079620863e-01
1.194097743317248828e+00
-5.807614318324859359e-02
1.904482178827937133e+00
-1.181771830098294479e-01
-7.945232461278998182e-01
-4.718269977276264848e-01
-4.304807420366148496e-01
-4.202762649069178846e-01
-7.256594645896004003e-01
-7.300659853822470957e-01
-1.060017888759655191e+00
-6.815185948074701239e-01
6.429959027402306626e-01
1.284334472089246226e+00
-3.010297371184099680e-01
-1.041666483794819742e+00
8.717920883791527853e-01
5.128637050175127721e-01
1.184807871923923894e+00
4.782011003425716278e-01
2.468170918822982784e+00
2.253409379235243648e+00
3.548562562407027721e-01
1.828634169176759361e+00
3.796542304593252481e+00
1.167650932541453856e-01
2.224529865579887300e+00
1.799306701334248970e+00
4.817623615176402918e-01
2.310686655378364485e+00
2.898689986310640343e+00
2.733291616658459211e-01
2.963960153693302679e+00
3.356903661975206621e+00
1.512532644035082807e-01
1.390957150081736815e+00
3.662917580883282564e+00
2.967090655969073509e-01
1.702377408593922725e+00
2.353575153857257352e+00
-5.871357772215916870e-02
1.790444924372478264e+00
3.034828302528369992e+00
3.069990960850177419e-01
9.415035884710969416e-01
1.432111365267795478e+00
3.098990937694067749e-01
-4.566682221531221941e-01
4.629932142104439818e-01
-4.554224927963883979e-02
-9.969367924508364120e-02
1.614911949006279768e+00
-5.083227766250335566e-01
9.326952479076845437e-01
1.396434861520964521e+00
-2.829797506901496340e-01
6.426696140028728688e-02
2.940295031651522506e-01
-2.653677773016949737e-01
-6.929650833032859059e-02
-7.935650446877822173e-01
-9.499714408265433341e-02
-1.214797825498422856e+00
-9.551026291916155930e-01
-3.597514522502465173e-01
1.535414049572056579e-02
-1.086692907191047386e+00
-2.720729398894058404e-01
-9.612539066746678129e-02
-1.059024314454196647e+00
-8.242613025835411611e-02
3.381447965762483521e-01
-1.252139467988053534e+00
-8.618071354654339711e-01
-6.363268246784903326e-01
1.969846717173176220e-01
-3.006105321086972593e-01
-7.523313930785264780e-01
-1.041218335190180255e+00
-3.314112171939174178e-01
2.736452734347516458e-01
-1.379424519798986726e+00
-2.177755970788307849e+00
-1.185181570558526909e+00
-5.368891676911941024e-01
3.247139614117140471e-01
-1.446994537548802917e+00
-3.356921691065264390e-01
2.148796882617322601e-01
1.764561105308093125e-01
2.363997153084978001e-02
7.903773147466146565e-01
3.007766246889241324e-01
6.768117182264318243e-01
-1.898027249479969925e-01
1.932215841668641909e-01
6.094219415510039317e-01
-8.002559418453432105e-01
4.622126852184774148e-01
4.769958463320025932e-01
-7.488661952844973824e-01
3.181012466027324792e-01
-2.135025730398739108e-01
1.272738713180146641e+00
5.208148567531676459e-02
-9.275133799396748091e-02
1.852518587572886954e-01
-2.401012167575216349e-01
-2.893414785299385783e-01
-4.430218046619861516e-01
-1.945702444985921709e-01
-1.006171743357430759e-01
-4.781501953049735465e-01
-3.401762944100208963e-02
1.584752181859388487e-01
-1.646519429640236620e-01
1.686701770066504347e-01
2.334630714596017398e-01
1.539263922346379432e-01
1.417549102250890425e-01
-2.589899244164948766e-01
1.472118851744498580e-01
-8.993356342708515028e-01
-5.651326420488695934e-01
-2.231588814232287471e-02
-8.236110380950590892e-01
-7.374264095063237656e-01
2.606247380018893861e-02
1.068687200174462948e+00
-2.884214526412830493e-01
2.493117522765458255e-02
1.717289186194129957e+00
2.181607227701949925e-01
-2.718921257103689149e-01
5.817348753164975905e-01
1.048023697573132074e+00
2.309950076380255513e-01
1.240551046633478621e-01
9.939566924554275040e-01
9.066905687429752669e-01
-3.051852764827678310e-01
-1.014167755584181263e+00
9.318917030283756509e-01
-1.035512177763616426e-01
-2.357360974947434185e-01
-1.625170271787002685e+00
-1.156173850761117450e+00
7.750096159569457299e-01
2.647380930539166233e+00
1.591994109950491731e+00
1.030521125079772560e+00
5.240404221140708696e-01
6.106765808860610545e-03
1.111793766333905475e+00
2.140197356033343823e+00
7.911691469487966977e-01
-2.094248470491430203e-01
-3.010315598504215151e-01
2.561336261312208151e-01
-1.275014466911719886e-02
-9.636811463550607471e-01
-5.893533408721661759e-01
4.846120145249812050e-01
3.497052680737401387e-01
1.918166874175212255e+00
3.809242424933424465e-01
3.104368728038225722e+00
1.711429494089511394e+00
4.914815995944147864e-01
3.836831059219043549e-01
3.246734384397810480e+00
-1.716640091154949810e-01
4.596056429278280397e+00
2.291189503999955690e+00
-4.992598973729688305e-01
2.693948000995481262e+00
5.705055186488375618e+00
2.287265448995365436e+00
6.040256597971233710e+00
6.479465981037287881e-01
5.914779268450324201e-01
8.101239153806515381e-01
-3.159842270570514811e-01
8.822889806453250439e-02
2.908121961106375331e+00
-5.619664820362028079e-01
2.029691053119848210e+00
3.782858581755152105e+00
2.325173825518047632e+00
4.533491100654063466e+00
-3.198843928898695288e-01
-5.145700875717071354e-02
-1.679778184769225691e+00
-2.557725876774255891e+00
-6.774738111478858515e-01
-1.185126040537597403e+00
-7.838351675690695686e-01
-3.546795314469693983e-01
-2.049556964217756905e-01
-2.418627704686766855e-01
-6.612913956018668937e-01
1.840055682071260579e+00
-4.202211089737327154e-01
-5.223459153499644403e-01
-2.680553677156965353e+00
-3.636803827572795411e-01
-1.771621269108594854e+00
-3.190881242885251101e+00
-3.629040265747470184e-01
-2.598329369814368572e+00
-2.683415641574416366e+00
-2.636870905585988467e+00
-5.110068663653634102e-01
-1.774134915749473462e+00
-2.242289155564713976e+00
-1.907365985923334673e-01
-3.055162969674551032e+00
-3.774062209323886474e+00
-1.937752396400903798e+00
-2.988130759963350425e+00
-8.123303107665588163e-01
4.014512656271822938e-02
-5.098198039891578270e-01
4.433624770861425701e-01
-5.476917534711446267e-01
3.546172599654255908e-01
-6.460536589422711806e-01
-7.627786751057026582e-02
-4.576888057831443590e-01
-1.169598982256950137e+00
-6.646627984978744630e-01
-7.631067316624253749e-01
1.173629371356292445e-01
4.402293424616642858e-01
3.288467524443317580e-01
5.878653425144397815e-01
1.255644868561141214e+00
3.681775595049644467e-01
1.702139711405782574e+00
4.410623997746608294e-01
-1.784407160995215846e-01
8.633192762783086227e-01
2.654733980061470544e-01
-3.145274809607183086e-01
-7.672553364967680568e-03
-9.059562901077529429e-02
-3.915438948153188714e-01
-7.562356095270151846e-01
7.379804687023601428e-02
-9.091240105881664979e-02
-3.774335353463947884e-01
2.718172782538388343e-01
2.341843898836379056e-01
-3.943907145127116542e-02
1.372563013505461449e-01
-7.124391268130367827e-01
2.251202157864603537e-01
-1.353285434212513128e+00
-3.480574102324778263e-01
2.387162231905831655e-01
5.314517530900654263e-01
1.086886565561210188e-01
1.132279487324307915e-01
1.507995180883735742e+00
1.817404289431967801e-01
-5.704645063227009594e-02
6.043569743614419787e-01
3.500025640085575596e-01
2.287655497736196530e-01
-2.481689448522912123e-01
8.017453094917381673e-01
-2.579461808763574560e-01
-9.368635749945375402e-02
7.610238878243671401e-01
-2.352007835113529011e-01
2.475635373933507133e-01
7.005701778776659561e-01
-4.814043582305636559e-01
8.326796909644794686e-01
2.457960521253914621e+00
2.242225045032897324e+00
3.477143164647487961e+00
1.452513338847857716e+00
7.856129025085634154e-01
3.936774300446874708e-01
6.290401750603134001e-01
-2.752400233445668754e-01
-3.125570688558447330e+00
-3.708083398357093330e+00
-3.298888337643358870e+00
-1.907972756260291891e-01
3.284537122975672019e-01
-4.485396847927306530e-01
1.764053934271653246e-01
-2.584990705625351826e-01
3.944215735679937329e-01
-2.360219826885054731e-02
-5.017402310654748426e-02
7.919483317288970037e-01
6.035444214268521623e-01
-1.371274570700492079e+00
-1.241057769773938224e+00
-7.605073512945669023e+00
-7.630113667771126096e+00
-1.529525715268235664e-01
1.594512332415255473e-01
-2.890403097080157302e+00
-2.010888934530167538e-01
-2.083163799809585992e+00
-4.836347645106355841e+00
-3.703224733498897137e-01
-3.854289333881295021e-01
-1.306073179782124560e+00
-1.511378480469562774e-02
7.534204971594343769e-02
-1.602647567073415047e+00
-6.507457137476981845e-01
-6.323747306983530658e-02
1.092088052516296370e+00
-2.690886649272404910e-02
1.264256618195352067e+00
9.267219686350429697e-01
-8.012295357238501115e-02
6.912430508647328109e-01
7.886804210502358359e-01
2.717046365785464879e-01
4.987481775687732100e-01
4.478364881088736094e-01
-1.647570219628666788e-01
-5.666325237297814565e-01
2.770401877163652937e-01
-1.080509389689391142e+00
-6.236736903514464636e+00
-1.230376426640512122e+01
-4.366003940567994013e-01
-2.544498800268295557e+00
-9.770958401998477982e-02
2.768212961434646929e-02
-2.441299950709743261e-01
3.497090757594973343e-01
4.853194772642229204e-01
1.472431317367142722e-01
2.820456087900138908e-01
4.795890921872820178e-01
1.433205655732386341e-01
-9.310741615707527046e-04
3.654904226005443735e-01
-2.587233693014694969e-01
-3.174438988900676328e-01
-7.368645728558360641e-01
-4.327747672310662819e-01
-1.472457146208737411e-01
-1.407332837338164111e-01
4.500832457401630210e-02
-3.105598611707441337e-01
-1.115793299247508585e+00
-9.603699408924643022e-02
-1.630682959104648333e+00
3.402892552182670838e-01
1.083100754453021342e-01
1.085455972756675935e+00
5.650020757072938826e-01
3.084157912258168044e-01
2.108261816261713495e+00
1.986166264972025197e-01
5.287150048928347390e-01
4.167473934655415158e-01
6.591541867625548556e-02
3.187156159245179698e-01
4.032666659765554718e-01
-6.758955112674749910e-02
-4.561076889330731632e+00
-2.463682455872203914e+00
2.342410995779895810e-01
7.279874750285725282e-01
-6.168503708502224292e+00
-6.729763386560658311e+00
1.525428167745412622e-01
1.555738505571997887e+00
-1.902418433663873198e+00
-2.912436744569091740e+00
2.923775364318390579e-01
3.268823605128419740e-01
1.206942075613440662e-01
8.260613231042065463e-01
3.701030034381788125e-01
4.217078455947915749e-01
4.288629158045343392e-01
-1.810878730070590026e-01
-1.682303372956255733e-02
-1.795214694478754813e+00
2.382694475604331397e-01
-7.875511996619874999e-01
-7.049560905756324658e-01
-7.153738662616188071e-01
-3.581935960088679372e-02
-1.794866809212518843e+00
-7.354379208895830411e-01
-4.066095996108310962e-01
-2.845617108439882692e+00
7.715511064766821248e-01
1.515138615191396143e+00
2.918190645922664306e+00
7.419048044877658565e-01
2.025859734756664445e-03
1.857368370902265642e-01
-4.088052447691289948e-01
-1.164396823078765353e+00
-3.571838753965484448e-01
-1.653275762179524877e+00
-2.081407868384930637e+00
-8.497640924325572387e-01
-4.186499982524698182e-02
5.518002094639761212e-01
5.503302884418078689e-01
-7.345620678359204847e-01
1.199149322268386664e+00
-2.861120440034216617e-01
-4.562672009657029598e-02
-1.701919507365742268e+00
3.208876715583229844e-01
-4.215974272596521022e-01
-1.274549292612816576e-01
-1.039377324052763507e+00
-1.673600090681385710e+00
8.991767153906551346e-01
3.770630550438200057e+00
5.573968735620716153e+00
2.286298838930930000e+00
6.499159102855701420e+00
-7.783161872073210974e-01
-9.713602674920638336e-01
-3.659210521684551631e-01
5.700647801966705897e-02
-1.334012663434008150e+00
-9.377727339902970360e-01
1.423337859966410379e-01
-2.721826294112459910e-01
-8.084899363893768287e-01
-3.411341504384079126e+00
5.024080813936729895e-01
1.546355363130616167e+00
1.359466281795664422e+00
4.968331365171650971e-01
-3.795015132513143152e-01
6.340399003478388584e-01
3.419838240617428249e-01
1.185090796621829590e+00
3.585897223345853035e-01
4.253436595264224046e-02
7.753941641520126771e-01
3.992568677119051834e+00
2.602447227508041028e+00
3.784717567498559365e+00
5.527610992909046672e-01
5.371671443887843234e-01
-1.042719954562982138e-01
-1.009409576995933477e+00
-9.482745557497077593e-01
-8.228743256751601676e-01
1.517784441980435384e+00
1.570429339985910944e-01
1.202228674681588005e+00
3.163367041486002673e-01
3.610608411219753400e-01
1.569040083527802665e+00
-9.153062852279154615e-01
-2.513223059337552190e+00
-7.826393534642933636e-02
-1.398636520995007571e+00
-1.350560565610771091e+00
6.935919185033684320e-01
3.689835053429780382e-02
-7.200841168701488382e-02
8.422179534013563007e-01
4.175083506751871565e-01
1.952062365517964748e-01
-1.265647629093354487e+00
-2.284512985286361042e-01
-1.203182548083108871e+00
3.726161939913971710e-02
-7.584219268913894307e-01
4.454981100847003189e-02
-5.035161449209348689e-02
2.481758657164629511e+00
0.000000000000000000e+00
0.000000000000000000e+00
0.000000000000000000e+00
0.000000000000000000e+00
0.000000000000000000e+00
0.000000000000000000e+00
0.000000000000000000e+00
0.000000000000000000e+00
0.000000000000000000e+00
0.000000000000000000e+00
0.000000000000000000e+00
0.000000000000000000e+00
0.000000000000000000e+00
0.000000000000000000e+00
0.000000000000000000e+00
0.000000000000000000e+00
0.000000000000000000e+00
0.000000000000000000e+00
0.000000000000000000e+00
0.000000000000000000e+00
0.000000000000000000e+00
0.000000000000000000e+00
0.000000000000000000e+00
0.000000000000000000e+00
0.000000000000000000e+00
0.000000000000000000e+00
0.000000000000000000e+00
0.000000000000000000e+00
0.000000000000000000e+00
0.000000000000000000e+00
0.000000000000000000e+00
0.000000000000000000e+00
0.000000000000000000e+00
0.000000000000000000e+00
0.000000000000000000e+00
0.000000000000000000e+00
0.000000000000000000e+00
0.000000000000000000e+00
0.000000000000000000e+00
0.000000000000000000e+00
0.000000000000000000e+00
0.000000000000000000e+00
0.000000000000000000e+00
0.000000000000000000e+00
0.000000000000000000e+00
0.000000000000000000e+00
0.000000000000000000e+00
0.000000000000000000e+00
0.000000000000000000e+00
0.000000000000000000e+00
0.000000000000000000e+00
0.000000000000000000e+00
0.000000000000000000e+00
0.000000000000000000e+00
0.000000000000000000e+00
0.000000000000000000e+00
0.000000000000000000e+00
0.000000000000000000e+00
0.000000000000000000e+00
0.000000000000000000e+00
4.975046819081276328e-01
7.072240057084472342e-01
8.376057280659129356e-01
8.956450951391664583e-01
9.398870622258336249e-01
1.227402873193304877e+00
1.749974731893137125e+00
2.163262114463930796e+00
3.174261372036735640e+00
3.433926626002502314e+00
3.124158960283194730e+00
2.662692198974555335e+00
1.959871760962704546e+00
1.491752445784316983e+00
8.379389296301809065e-01
2.113803774626473730e-01
-2.777377185116888803e-01
-8.166304526401745312e-01
-1.083663108367243444e+00
-1.289007852050264580e+00
-1.554365399902192468e+00
-1.883398377934050183e+00
-2.092626017963086227e+00
-1.849941663685892079e+00
-1.937784634193052913e+00
-1.656685341695728564e+00
-1.497372653083037131e+00
-1.253087169804967260e+00
-9.107738263134600443e-01
-4.517747667432600589e-01
-3.834877669550509904e-01
1.260711349723583341e-01
1.122972168329764431e+00
1.872897922639780388e+00
2.975644976455960933e+00
3.818277436249923440e+00
3.960651452828802377e+00
3.054171343702424046e+00
1.583224233763206978e+00
2.872060851587644459e-01
-3.692801812037067866e-02
-9.179843610276097743e-02
-1.163924701654672628e-01
-1.452887317439260084e-01
-3.859681038484529675e-02
6.540364781390723969e-01
2.168784288389813852e+00
3.436066005573098714e+00
3.404758090384667923e+00
2.330970281624827223e+00
1.370973678966911802e+00
9.599093361030436311e-01
2.921153766079402359e-01
4.327006878793907774e+00
3.450867535089590543e+00
2.938970023280534249e+00
2.314508667440381640e+00
3.386518788425493920e+00
4.094267738843648807e+00
3.343562702256099306e-01
1.186453129789271532e+00
2.048394030522791898e+00
2.755890155933637953e+00
-2.187871570952644174e+00
-1.761584475564381469e+00
-1.009517069394420430e+00
-4.214430524176285831e-01
-3.812980715887448468e+00
-3.839200708199086876e+00
-3.480944268302412326e+00
-3.083193077061737064e+00
-2.726331694353024027e+00
-3.474657595599787374e+00
-3.970667785057514720e+00
-3.793372200862247023e+00
-5.135404975526635107e-01
-1.530469918447007860e+00
-2.430338104929066656e+00
1.916795127032788537e+00
2.376558214283662984e+00
1.051918209494564493e+00
1.697253570904696307e+00
4.053329503329983652e+00
4.494984018402653270e+00
4.964305954865739778e+00
4.689090396767832125e+00
3.296486030681589074e+00
9.166285724251265199e-01
4.179428520490063165e-02
-2.411782121443594440e-01
-2.677599972218888680e-01
5.512298564086689362e-02
1.412033505664431088e+00
3.494969589693605716e+00
4.089303977609236362e+00
3.833018980723651215e+00
3.091271533428090024e+00
2.301668975138194906e+00
1.890740773048842582e+00
4.819093807481375613e+00
4.837102443986410982e+00
3.152762111964699354e+00
1.869642661019493834e+00
2.986489274147217987e+00
1.394816931838760155e-01
2.966249672906621226e-01
-2.890745112166983599e+00
-1.780427257467214197e+00
-3.914423981910875039e+00
-3.078727953490311808e+00
-3.086644702734627099e+00
-3.328644742082288666e+00
-1.063396494700720840e+00
2.420085062821377697e+00
2.543217268492716787e+00
-2.619370535347347317e-01
2.729992635418835079e+00
3.181693176595193684e+00
2.082042340716566020e+00
2.326471368155050179e+00
1.233890767355618312e+00
3.235805939788671370e+00
2.667813485697083209e+00
3.870120395765598964e+00
1.505928881661489305e+00
5.971203333141001518e-02
-3.725762554279593020e-01
2.839362889606402221e-02
1.737471569174241282e+00
3.818033740868822523e+00
3.880576394885456359e+00
3.685162917415775841e+00
2.756610372372480189e+00
1.010092202662779437e+00
-2.073364872419614091e+00
-6.984411234395387913e-01
-3.751749106110305654e+00
-2.416276392682928265e+00
2.834462830926256505e+00
4.828009324281747006e+00
3.350942935458771199e+00
-3.303557604706661710e-01
-1.350698357368198821e-01
-2.974830025754643170e+00
-2.471662075067819764e+00
-1.467246874086238106e+00
2.607684957656609459e+00
-3.183320913978259448e+00
-1.714965951171819880e-01
2.491784619872440931e+00
3.026295798495079570e+00
-1.511045517811718253e-01
1.125636503721809012e+00
-5.229364654346446706e-01
-1.293789376102886024e+00
-8.396966153193567983e-01
5.016836149162187675e-02
-2.466410104725881069e+00
8.088803855681087063e-01
1.793061144214988412e+00
-1.511010403053058282e-01
3.461237914190545606e+00
2.409640838250393990e+00
4.621851282411720135e-02
2.321193817185823960e+00
2.608037467832110767e+00
2.712608072366208933e+00
1.883493550199341060e+00
-3.735449338991463364e-01
-1.082171156377251142e+00
3.143021172815819941e+00
2.156161526243018045e+00
-2.191668639344244607e+00
-3.032478369139083085e+00
1.237195388451598266e+00
4.487136197972833584e-01
1.629807320146429817e+00
-1.184558773228789885e+00
1.428254183521837084e-01
-1.287049533167952675e-01
-1.956700122266588959e+00
2.165083849278818473e+00
8.861211032279544542e-01
0.000000000000000000e+00
0.000000000000000000e+00
3.391081743239613200e+00
1.754114939205250634e+00
0.000000000000000000e+00
0.000000000000000000e+00
-5.573127503209071243e+00
-3.031691101878972283e+00
0.000000000000000000e+00
0.000000000000000000e+00
2.412659807042196458e-01
-7.976456556003274079e-01
0.000000000000000000e+00
0.000000000000000000e+00
2.541088360849967032e+00
1.682670983617255978e+00
0.000000000000000000e+00
0.000000000000000000e+00
1.083194479578613700e+00
1.276314311118535327e+00
0.000000000000000000e+00
0.000000000000000000e+00
-1.705206365562099258e+00
-1.474486005624379148e+00
0.000000000000000000e+00
0.000000000000000000e+00
-6.029946130875240423e-02
-1.858880884952145707e-01
0.000000000000000000e+00
0.000000000000000000e+00
-1.242082253102197331e+00
-9.146299129484775081e-01
0.000000000000000000e+00
2.615155262306557038e+00
2.214119286366723838e+00
0.000000000000000000e+00
1.289747581457769909e+00
1.438535065720660588e+00
0.000000000000000000e+00
1.019835384496610375e+00
8.642046936171655647e-01
0.000000000000000000e+00
4.298447918666280926e-02
0.000000000000000000e+00
-4.305355902638774990e-01
6.514282230243251259e-01
0.000000000000000000e+00
5.291815909519280714e-01
6.119974437227561070e-01
0.000000000000000000e+00
-5.897723632720539566e-01
1.231128264214919055e-01
0.000000000000000000e+00
-8.997062725257821691e-01
-1.324673068672480136e+00
-2.610452920693075107e+00
0.000000000000000000e+00
-4.968996339557798514e+00
-4.185112222179815156e+00
0.000000000000000000e+00
-4.540436543275456316e+00
-3.695260377234923066e+00
0.000000000000000000e+00
-3.835350390911214991e+00
-3.516262008162695185e+00
0.000000000000000000e+00
-7.041656011971226814e-01
0.000000000000000000e+00
3.856817471631857064e-01
-2.242269197089177268e-01
0.000000000000000000e+00
-6.829181325859657870e-01
-1.586383036124648704e+00
0.000000000000000000e+00
-7.547923927700440627e-01
-1.724622649233750193e+00
0.000000000000000000e+00
-6.870803719640278251e-01
-1.972316996229617203e+00
-3.319338139983354918e-01
0.000000000000000000e+00
-3.684717596013903917e-01
-1.889885935595647659e+00
0.000000000000000000e+00
-1.306777471169377591e+00
-1.418736132782919990e+00
0.000000000000000000e+00
-2.998701094206684403e-01
-6.359085092149679985e-01
0.000000000000000000e+00
-1.491938284685438154e-01
0.000000000000000000e+00
5.981534410220309406e-01
1.754031286805481649e-01
0.000000000000000000e+00
3.117554334670113447e-01
-6.263004343521318962e-01
0.000000000000000000e+00
7.111029109644866342e-01
7.329059727237814403e-01
0.000000000000000000e+00
4.306509746411589790e-01
1.435108840239833095e+00
1.583987021942551365e+00
0.000000000000000000e+00
9.079603017709554358e-01
1.817073013675571724e+00
0.000000000000000000e+00
2.458751884293408629e+00
2.995661847144377443e+00
0.000000000000000000e+00
2.507386312711786580e+00
2.535694021070672655e+00
0.000000000000000000e+00
1.344269561650956568e+00
0.000000000000000000e+00
6.901318245900779358e-01
1.637944447699222872e+00
0.000000000000000000e+00
1.044631636004051511e+00
3.149101213400716581e+00
0.000000000000000000e+00
2.411227831484558326e+00
1.604904444366363592e+00
0.000000000000000000e+00
3.009960019465918735e-01
2.081420486998926567e+00
1.533023152057067184e+00
0.000000000000000000e+00
-1.025319288301424603e+00
-2.218491559899006038e+00
0.000000000000000000e+00
-5.365954687814565638e+00
-5.651351433298677840e+00
0.000000000000000000e+00
-8.242352428164371858e+00
-6.768578742942529480e+00
-6.945330358262985726e+00
-4.658076718980085573e+00
0.000000000000000000e+00
2.121493274958213604e+00
4.596309275708833075e-01
0.000000000000000000e+00
3.256646785910890518e+00
6.464762011490499116e-01
0.000000000000000000e+00
1.461125357611684938e+00
4.387246890823573442e-01
4.331802014172773663e-01
4.716356122631946979e-02
0.000000000000000000e+00
-1.115224319865287667e-01
-1.614472774737234044e-03
0.000000000000000000e+00
2.066767230481642570e-01
6.907346373338628664e-01
0.000000000000000000e+00
3.769234071977123346e-01
2.170790071480085626e+00
2.529342730943024975e-01
2.770818002365123434e+00
0.000000000000000000e+00
-4.192589663090786622e+00
-6.593359269882989260e+00
0.000000000000000000e+00
-6.145353790390475801e+00
-6.803562505480749145e+00
0.000000000000000000e+00
-3.756018872528671171e+00
-3.460631771991293348e+00
-2.292013550499408803e-01
4.082602469276196411e-01
-1.512903166212420658e-01
-3.070897383519267665e-01
4.720888534558577709e-01
1.318917409974905419e-01
-1.763718267794935624e-01
-5.002992039673461733e-01
6.083950476997704859e-01
-2.917971379562308565e-01
-5.240417638272664158e-01
6.274499359921378305e-01
-2.693189445276131244e-01
9.559410632812785913e-01
-1.894650379811820273e-01
1.692714953800440181e-01
5.588430424657309104e-01
-1.794738321000167725e-01
-8.961995465567215158e-01
-8.017421862900402374e-01
-9.493523582558804907e-01
-2.073169491076366722e+00
-1.825730920425935988e+00
-1.190517185429515346e+00
-2.842489521326811097e+00
-3.418875512636986969e+00
-1.118374894311877088e-01
-2.198593265881369163e+00
-2.309366727965794563e+00
-2.602735284762161427e+00
-1.180818195031868578e-01
-2.128438881207634914e+00
-2.232018226997985799e+00
6.088128548351785518e-01
-9.080691696353957454e-01
-1.607330356975082752e+00
-6.014183463143113473e-01
1.004434588647841631e+00
2.778693779127219265e-01
4.477815504912196487e-01
8.365921324724615027e-02
-1.149293475174679280e+00
4.589369018149715429e-01
3.711362222379719356e-01
-2.667895356071748880e-01
4.791632424785787769e-01
9.500434615831504503e-01
7.347426991812080477e-01
-9.563866333967368377e-03
1.741294720247578365e+00
2.139378573705104980e+00
5.461995129824531725e-01
1.451727936137748198e+00
6.919966271238386923e-01
2.410997426154690704e-01
1.774616815997196895e+00
1.517505871454714939e+00
4.158557622426535261e-01
1.126537258479835657e+00
2.550126907007871591e+00
-1.690877972350471603e-01
1.440397372962280154e-01
2.052458385479625669e+00
3.856823454840484500e-01
7.346494738195691321e-01
9.125501016958778022e-01
8.894460246687999755e-03
1.344591933766532854e+00
1.871053746337559831e+00
6.380107223821253060e-01
1.114835396205938967e+00
2.022422812597365560e+00
-1.839600780479684339e-01
7.275288862716373650e-01
2.147197186070929131e+00
3.314934575815256523e-01
6.899328783679299359e-01
-6.507811203879740880e-01
2.040650643251240015e-01
1.026922193876874445e+00
7.662608732708844350e-01
-2.383769251687807289e-01
7.493376493208914191e-01
1.129708425700324259e+00
2.006123976112653418e-01
-1.577410957299477001e+00
-7.215138680898742773e-01
7.360264148034975085e-01
-5.750179388945074292e-03
9.464702188323870224e-01
1.511936675244400508e-01
2.051137315906247593e+00
1.192741800346988068e+00
1.311546342236157292e-01
-1.276416744297647954e+00
1.560312222334501620e+00
6.049764473231166173e-01
4.766941780181811472e-01
1.737335754151957845e+00
-7.524183461576154641e-02
-7.196049111737400361e-01
-4.402358835425756456e-01
-5.969785101196826149e-01
-2.358691172884623821e+00
-4.611502681538722781e-01
-2.267599913010601487e+00
-1.512516648950422482e+00
-8.023517760382037345e-02
-1.758796306244091889e+00
-1.229748257485117291e+00
6.263174795191986943e-01
-2.395517287203311696e+00
-2.219731783394248037e+00
1.174222032427961082e+00
-4.086417019081198809e+00
-1.528417805638996985e+00
1.633954172617781087e+00
-2.424196036969755053e+00
-2.722195494213432432e-01
6.281941391034778777e-01
1.865754543842786273e+00
-1.920847428041468907e-01
1.107104756322967037e-01
1.384123311094587416e+00
-3.066136767714295816e-02
-9.356364220752083627e-02
5.369101173063824950e-01
-4.678635424955424754e-02
-6.056347115961736860e-02
1.067271876899834049e-01
1.950862362007513007e-01
2.865328813440092270e-01
-5.110845317080282314e-03
6.684389967891239959e-01
1.198302338625686358e+00
-9.918570986064186024e-02
1.924616544112776717e+00
1.126948253676263390e+00
-2.081686149746050096e-01
-1.525237027568081272e-01
3.542569969099618743e-01
-1.062917853391639911e+00
-3.217493167192706505e+00
-3.944064569938996456e-01
-1.184570622443021026e+00
-2.578226591071754115e+00
-5.299905704609296775e-01
-1.381309994571604749e+00
-1.204188588984214103e+00
-4.594469240469272603e-02
-1.677137079289723109e+00
-6.766858237973601975e-01
1.262815991034997865e+00
-1.222191861833041404e+00
-1.845389747257924207e-01
2.762016692876685942e-01
-2.475019683489344258e-01
-3.346755530161666936e-01
-4.743639366944810698e-01
-2.599158898117546634e+00
-2.175409034015433729e+00
-2.534333510462154493e-01
-8.457178551054245208e-01
-8.428302217920439210e-01
-6.076486569092925949e-01
-4.861896171973748570e-01
-6.008570018174008709e-01
-1.143918071216097232e+00
-2.512318982253895161e+00
-4.757005294300598597e-01
-7.144344639668948060e-01
-1.955141077517633441e+00
-1.072856641037020831e+00
-4.720372544422375416e-01
-2.097201452554413148e+00
-2.597612409206103479e+00
-5.005416346265042504e-01
5.165206129141004798e-02
-1.144393891239142258e+00
6.481102190107649319e-01
-3.754310740634356769e+00
5.989661884814049264e-01
-4.324733300276144971e-02
3.082534492993527775e-01
7.931110964352716675e-01
8.464642315044469401e-01
1.766163979524229266e-01
2.262755331950760951e+00
6.035832906753942906e-01
2.940204328362901465e-01
-3.024775644158037569e-01
5.799695085660053762e-01
-1.783629823183515040e+00
4.389637234848804970e-01
5.652063381345808768e-01
9.285318687646720859e-01
3.364496086579402689e-01
9.114878441352143312e-01
2.949785049339742393e+00
3.358331352666594771e-01
3.094199432477922063e+00
3.390198442497527775e+00
2.393102605002108252e+00
2.850713006312788345e+00
1.215188538604709406e-01
3.346416214126641808e-01
1.917118846772775997e+00
2.030797278744672418e+00
-1.360050643105048182e-02
1.321726964767631740e+00
3.379562382263476383e+00
-4.708245054220757536e-02
2.616198336579882877e+00
3.587358625689020641e+00
1.511542403832500270e+00
4.570335378430034901e+00
6.995434684459636010e-01
-4.916427294221028393e-02
5.273176704337481091e-01
-4.256802486403585828e-01
-4.915447830934733253e-01
1.238674063679866988e+00
-1.025284550585537219e-01
8.854561436587923273e-01
6.334358742117508489e-01
2.777217432614356607e+00
-4.766686758260730850e-01
-1.668274422287774783e+00
-2.637653258779580234e+00
-9.467942641149517113e-01
-1.274910710507759060e+00
-9.016591860496935285e-01
-1.399866394348804333e+00
-2.789685686606744874e-01
1.098446749996240923e+00
1.402877170283775010e+00
-1.039384518715534556e-01
-8.612331198102559510e-03
1.560433938547595989e-01
2.340871438691191457e-03
-5.871328536384117225e-01
-2.741390891823276554e-01
-1.925326586213479629e+00
-3.030871298927098945e+00
-1.843224528489181502e+00
-1.865593303362553135e+00
-2.680306685388753052e-01
-2.661772866177534724e-01
-4.097694622396564346e-01
-2.326281739919908165e-01
-3.685155566700225038e-01
-3.690991836673186421e-01
-5.004239653829665180e-01
-1.506438891593715246e+00
1.465147899273375742e+00
-4.484285088782496764e+00
1.940917797464698225e-01
1.153576778276863335e+00
-5.002951951322778118e-02
-5.089405649480049920e-01
3.411079358749122825e-01
1.449762805911934738e+00
2.129049376765243251e-01
1.934306208134567162e-01
7.241525980386399608e-01
1.853636733005691872e-01
5.004783489936913687e-01
1.441787882073768123e-01
5.456425101207774686e-01
1.760358080712823625e+00
-2.146008798993633004e-01
1.268884658999770432e+00
-1.713986686459501030e-01
-9.621441204774064393e-02
-2.111249972945397513e+00
-4.927685898598741510e-01
-4.101965221618738416e-02
-2.176661232821151426e+00
-5.303889392971932182e-01
-1.925115088445056299e-01
-4.084634723297864145e-01
-5.951205112201064518e-01
5.656516384400326995e-03
-4.025264099445414329e-02
-2.869443495090106544e-01
-5.074049277732295415e-01
9.352938220608408154e-03
6.730878549533277910e-01
2.117380428147041527e-01
-5.616646854914510989e-01
-3.039321302417165305e-02
1.826374446140439090e-01
6.988578210320920414e-01
-9.907839361148363944e-01
-7.119000224372979968e-01
-3.494672695735086432e+00
-2.429392690381304121e+00
-6.428367409105831265e-02
-6.884307734891260966e-02
1.857628414687130802e-01
2.029029835377976210e-01
1.133072966599342646e+00
2.403434086199649489e+00
2.276124639728466459e+00
-1.361120221291033383e-01
-5.136557418831166899e-02
4.600549782347991834e-01
-1.954574344995029245e-01
9.380023679497271338e-01
2.080364219152397443e-02
-3.579058142833549949e-01
-1.860732700543010487e-01
-6.684207268103631305e-01
-5.170088708334643623e-01
3.965228591152136772e-02
4.403008351157650657e-01
-1.467386988715920992e+00
-2.053868209667389255e+00
9.431793904521559302e-01
-2.273354772959459424e-01
-4.581466850705146143e+00
-4.753810831644607049e-01
-5.860960600299240042e+00
-6.518298683421345885e+00
2.834462237299368859e-01
-3.302835025995531915e-01
-2.443012354333197855e+00
-3.112583916361241765e-01
-1.883568360364207050e+00
-2.186318514061025287e+00
-3.128280564305655487e-01
-9.813307309612830098e-02
-1.200215279304460703e+00
-1.062790046948809547e-01
-9.876257786955139339e-01
-2.286885631972682908e+00
-6.135459701435586055e-01
-4.774326842951591710e-01
-1.004104244019028425e+00
9.251162478139004497e-01
2.374794900518666929e-01
-1.755454076319002410e-01
1.283161687764478309e-01
2.003765732833995838e-01
4.834290630070203210e-01
-3.896984143581543325e-01
-3.010105405074424478e+00
-1.995535721773964877e+00
3.962058350248939820e-01
9.017369542564502849e-01
-3.598490692807878033e-01
-5.053101109900367538e-01
5.496307077979649680e-01
4.891962856039491769e-02
3.243367795048660573e-01
7.926280226920141558e-01
-3.100245731623814116e-01
-3.074661430938985252e-01
1.047959108934834044e-01
-3.389068621599117814e-01
-2.053480315466852113e-01
4.631744227165617844e-01
1.485401497084971878e-01
1.352930381285527783e+00
8.620373952007418517e-01
2.118534513717725831e-01
9.067420306942057806e-01
3.923652132774117507e-01
4.736179609953879432e-01
1.828219135521244709e+00
2.291762048512211436e-01
1.287248518621097459e-01
-1.889439074840030042e+00
-1.900729020087053300e-01
-4.149187405456620681e+00
-3.166909210760603388e-01
6.547554121219559820e-01
-7.330981671340678352e-01
-1.190771012144940660e-01
-1.298547555690915400e-01
9.061415127776066558e-02
6.139779651534567340e-02
-5.418866095328370158e-02
-4.176794269355444955e-01
1.686764867169760970e-02
1.571251204010141622e+00
8.994238819619904124e-02
-1.527540567701562546e+00
-7.498577149336546066e-01
-3.839361414733067246e+00
-3.216950389474131367e+00
-2.069502603351125902e+00
-2.721534082960396006e+00
-1.258884373616029118e+00
-1.240690972857011909e+00
-1.904113451951070790e-01
-1.389524632990131459e-01
-4.108406944705847441e-02
-5.768893887540758048e-01
-1.538040821230199084e-01
-1.241732641496963163e-01
1.944370546112362264e-01
-1.681450916962508313e-01
-1.796785121932442941e-01
-1.021810424722670918e+00
-1.746065547274274543e+00
-7.476690200707711842e-01
5.760097305150472247e-01
3.244336544587002047e-01
6.923521989400933663e-01
2.425202181698074888e+00
-1.670534583475540014e-01
-1.100329160182330623e-01
9.310386586414346466e-01
8.804969393688943935e-01
5.264004774683463950e-01
3.001269744930417538e+00
1.882098538769269580e-01
1.058006128096219689e-01
-3.555415832251093144e-01
1.306416872740683077e+00
9.309240292871537870e-01
1.120310738243160964e+00
1.737351238168521883e+00
1.041416554599658317e+00
-6.558560839875110515e-02
-2.598461070163293751e-01
-1.960569131474896865e-01
-7.492498935812404171e-02
-2.026221262895954445e-01
-3.793234127609523387e+00
1.470645415810869217e-01
-1.841311374539074563e+00
1.713210282524759154e-01
1.963162903198831799e-01
-5.871458733951934184e-01
-4.148023638357763332e+00
2.308526972422108026e-01
6.347818531832118139e-02
3.946191516171246860e-01
-5.615063523430062764e-01
-1.573092098059613919e+00
-1.564035238209446677e+00
-2.522766192987035527e+00
5.714370319026008671e-01
1.357750602813825314e+00
2.317043722130621486e+00
-8.148813960063626682e-01
-7.637871334881177754e-01
-2.509279346751559503e-01
-3.181170645413591846e-01
-4.130042140470217560e-01
-2.028597532734868203e+00
2.027583698888141051e+00
1.381826912717362132e-01
-9.489060472455518314e-02
3.809224725742715867e-01
-5.102122643676457736e-01
8.833961570332717894e-01
-3.921303164290490528e-01
-5.052518659080978969e-01
5.399549222406498927e-01
1.913786727161082557e-01
-6.257325598839869052e-01
2.047822142505706655e-01
-5.268958915173169721e-01
5.910554541074816148e-01
1.761964397684125938e+00
-1.270921216652092234e+00
-5.952233565419290384e-01
-1.404825952650846421e+00
1.259639212233613970e+00
3.164340470826183971e+00
1.918895082759606519e+00
2.852220241406369650e-01
1.441912326700104829e+00
-2.340503625168517121e-01
-1.813245003757169363e-02
-6.736790834261655592e-01
-1.539841304975620107e+00
-1.430077178565231311e+00
-1.024059433667529495e+00
-1.483276869347317728e+00
7.871583079327402199e-01
-1.956165099414020614e-01
-2.112631868061102036e+00
5.142243531569805626e-01
1.403834314160914865e+00
1.066622863290964229e+00
5.228526092918738266e-01
-2.125706111482795091e+00
8.362596489155924573e-01
5.943254361270696728e-01
-8.748858766569876655e-02
7.971293511858413838e-01
-2.611152127736289241e-01
1.042094108027015631e+00
1.381392630149690826e+00
7.758831410843436416e-01
4.254531231821232495e+00
3.821541708324714293e+00
3.468238007132211642e+00
3.850523722358412559e+00
6.219293908893691381e+00
-8.602463122006170693e+00
-4.881681191431698430e+00
-7.618062597412228243e+00
4.574583812259340299e+00
4.569671320181518226e+00
4.624427923978751132e+00
4.761305118329850039e+00
4.588605732671854120e+00
4.786593159783459228e+00
4.696969757503463683e+00
4.761808025035438874e+00
4.635716375009135248e+00
3.918836874219332689e+00
3.522265949183374989e+00
3.072389487565868382e+00
2.999294140541022724e+00
3.133631028283394571e+00
2.909014500255591162e+00
3.328301993147037230e+00
3.336313599027920240e+00
3.428342977956849502e+00
3.625629216287063361e+00
3.661803447783066101e+00
3.936207084226905906e+00
3.745245632156378068e+00
3.768236868968809716e+00
3.896188687049328969e+00
3.801088957717489336e+00
4.112989646322906090e+00
3.995972629655923036e+00
4.102185423053834157e+00
3.962267875426174424e+00
4.195395110422036389e+00
4.160668424974391932e+00
4.101936630671636941e+00
4.179682996657536620e+00
4.300472589698525638e+00
4.319840235065383283e+00
4.379708405019637318e+00
2.947450444210813814e+00
-2.178953936126226232e+00
-6.702505680681341005e+00
-8.770001448089972840e+00
-7.425370193559121645e+00
-6.229127735820778611e+00
-5.556703579375066759e+00
-5.145793703173188405e+00
-4.866372385971469150e+00
-5.141017827101723725e+00
-5.572382980646743533e+00
-6.456514237903105524e+00
-7.440885883588276961e+00
-3.834299174558112533e+00
1.677606505093512501e+00
5.774098462894442285e+00
4.405780895665411201e+00
4.444144834400499455e+00
4.590818756913130017e+00
4.658812056744245034e+00
4.687862043489954722e+00
4.809716280382641429e+00
4.648089337649854436e+00
4.258038191405185025e+00
3.241753425634652075e+00
2.407050729898658314e+00
2.482083922972805556e+00
2.370696382680884007e+00
2.624371660230012004e+00
2.682235491444364683e+00
2.887656175859426799e+00
3.187728484209749524e+00
3.269475086575434730e+00
3.557706050907204265e+00
3.460773970710945502e+00
3.700560596404424807e+00
3.607348377549616014e+00
3.814157333016564344e+00
3.670415114311721183e+00
3.876202900048437705e+00
3.781912537270892383e+00
3.950534856521595639e+00
3.998684350773576313e+00
3.967291286214140289e+00
4.100372497760788271e+00
4.221799807729344600e+00
4.157066869414598465e+00
4.416420369482555230e+00
4.437406092484455833e+00
1.163721625281428862e+00
-2.722751479046360945e+00
-5.637365088248233569e+00
-7.338865168269157913e+00
-7.009749466585239119e+00
-6.372621430898390393e+00
-5.532343531451680896e+00
-5.220739861005324833e+00
-4.974299652972764996e+00
-4.877017452787628216e+00
-5.003820897638555643e+00
-5.236003894876353648e+00
-5.593356369659803207e+00
-6.404646861779363043e+00
-6.694699926223065312e+00
-4.681352124627483846e+00
-2.437714296515839929e-01
3.665762351566293376e+00
5.483909241895910114e+00
3.093113127338005253e+00
6.823980014493139512e-01
2.784563771018143008e+00
3.626160389832476127e+00
4.050298160320519258e+00
3.591821645870055812e-01
-4.890643125172020600e-01
1.889746494658155473e+00
5.955671873454210230e-01
-2.790810237147471895e-01
-5.869419077085114012e-01
2.978225105195146938e+00
1.924025962280927260e+00
1.701918804440041066e+00
6.099747731221866198e-01
2.519181919485776966e+00
1.668921828477931024e+00
1.846563594640976191e+00
1.416139473956988581e+00
3.200253155235087021e+00
2.577396635598088181e+00
1.959253930584371917e+00
2.408836060666537104e+00
2.474339353770704353e+00
3.004642381313912924e+00
2.389081953642890443e+00
3.986519156167897204e+00
2.864513014985693662e+00
3.443410157011900452e+00
3.840540558154696082e+00
-9.848321386337660632e-01
-2.716704060092555384e+00
-4.179848065661087020e+00
-4.484373074278564353e+00
-5.335698655617724384e+00
-5.100223472994916740e+00
-4.973810725291290424e+00
-4.850339237872758780e+00
-4.878715474327560919e+00
-5.035173478160341887e+00
-5.091160587631971879e+00
-5.707126431719249382e+00
-6.048080470783551377e+00
-4.957514399915766923e+00
-1.936395157840962833e+00
1.485044937312604008e+00
3.510766847759248854e+00
-2.150711697579161807e+00
-9.436256751413434340e-01
1.168203679209206314e+00
-4.669668686248799716e+00
2.183864306247023546e+00
-7.552141501381236521e-01
-3.007237868726308161e+00
-7.505154436444706478e-01
-1.955478018077712266e+00
-1.526642561666695874e+00
-2.092595616951825832e+00
-8.841914847530202293e-01
-1.910527581429747768e+00
-1.677107753998731798e+00
1.136817345099254473e+00
2.982640622010339637e+00
-2.046513549960215617e+00
-3.925301902053457415e+00
2.840597805370403517e+00
1.133516294014019099e+00
2.604494723061886674e+00
-7.994995890741335431e-01
-4.092804811643629748e+00
1.246565967121511687e+00
-4.413820013307606871e+00
-4.780677496916572622e+00
-4.696246696312057267e+00
-4.722086371283952033e+00
-4.868454455143965909e+00
-4.848685951593866506e+00
-5.694915430985677318e+00
-6.534175023760104395e+00
-6.113422343292594263e+00
-1.242191067059805532e+00
-3.399831310948211893e+00
-1.304320851634874989e+00
-1.611889293048260896e+00
-1.435163135976728732e+00
-1.838640391767422555e+00
-4.594036801645783541e+00
-9.538760278543093607e-01
-7.857400040832954957e+00
-4.662434320779508035e+00
-2.227946741569955424e+00
-4.103021574861655196e+00
-4.652108644982696717e+00
-2.867676881885641293e+00
-1.293910644279094413e+00
-5.468428887027729779e+00
-4.495703758461869093e+00
7.759292578229841642e-01
-6.976602169337100534e+00
-4.491441290185911761e+00
-4.378759028226226313e+00
-3.281281054387222618e+00
-5.372731646952261464e+00
-2.242697366692983252e+00
-1.982709424101370743e+00
-4.681588044814216865e+00
-4.166193557800453640e+00
-2.557826283309427851e+00
-4.206522645940316885e+00
-5.679287036439688130e+00
-5.903154283108045242e-01
-3.839950119180334021e+00
-4.333845523462140470e+00
-9.643876508341541864e+00
-4.165163063004749588e+00
-3.505284477332580639e+00
-8.813130731001871609e+00
-6.348062968441563925e+00
-8.960969940233121989e+00
-8.987676736625289209e+00
-1.041023439478943047e+01
-9.154373355308365490e+00
-7.684909193505987446e+00
-6.239720240635604043e+00
-1.226834518024470633e+01
-1.326128144340387749e+01
-1.287660584254829388e+01
-1.115235788883700963e+01
-9.864962713467578581e+00
-8.699500010205191813e+00
-1.325221966720285138e+01
