0.000000000000000000e+00
0.000000000000000000e+00
0.000000000000000000e+00
0.000000000000000000e+00
0.000000000000000000e+00
0.000000000000000000e+00
0.000000000000000000e+00
0.000000000000000000e+00
0.000000000000000000e+00
0.000000000000000000e+00
0.000000000000000000e+00
0.000000000000000000e+00
0.000000000000000000e+00
0.000000000000000000e+00
0.000000000000000000e+00
0.000000000000000000e+00
0.000000000000000000e+00
0.000000000000000000e+00
0.000000000000000000e+00
0.000000000000000000e+00
0.000000000000000000e+00
0.000000000000000000e+00
0.000000000000000000e+00
0.000000000000000000e+00
0.000000000000000000e+00
0.000000000000000000e+00
0.000000000000000000e+00
0.000000000000000000e+00
0.000000000000000000e+00
0.000000000000000000e+00
0.000000000000000000e+00
0.000000000000000000e+00
0.000000000000000000e+00
0.000000000000000000e+00
0.000000000000000000e+00
0.000000000000000000e+00
0.000000000000000000e+00
0.000000000000000000e+00
0.000000000000000000e+00
0.000000000000000000e+00
0.000000000000000000e+00
0.000000000000000000e+00
0.000000000000000000e+00
0.000000000000000000e+00
0.000000000000000000e+00
0.000000000000000000e+00
0.000000000000000000e+00
0.000000000000000000e+00
0.000000000000000000e+00
0.000000000000000000e+00
0.000000000000000000e+00
0.000000000000000000e+00
0.000000000000000000e+00
0.000000000000000000e+00
0.000000000000000000e+00
0.000000000000000000e+00
0.000000000000000000e+00
0.000000000000000000e+00
0.000000000000000000e+00
0.000000000000000000e+00
1.437967251947695813e+00
1.265717259499149261e+00
9.860542217705053902e-01
6.787889445430076441e-01
7.170899043190103184e-01
6.615424546063782829e-01
7.350403651921836312e-01
4.511733620251731636e-01
-6.928797229516400757e-02
-8.048714829634426859e-01
-1.554118700163632738e+00
-1.938169575372982623e+00
-2.429006073128161525e+00
-2.802448879858127739e+00
-2.815055767552603783e+00
-2.438353459999228257e+00
-2.415686176352268788e+00
-2.140437046520137443e+00
-1.966905754869810119e+00
-1.332969323476098866e+00
-1.267779956139122088e+00
-8.621641118866496534e-01
-6.095672324801925113e-01
6.038504236494161848e-02
3.058586683439366571e-01
7.306861454755008145e-01
1.067957711474384785e+00
1.214289778536908004e+00
1.365570627069767617e+00
1.498577698659605328e+00
1.448069515658589435e+00
1.354637285018068571e+00
1.455525482625468214e+00
2.503553300538922333e+00
2.838048868724148299e+00
2.355030900686559736e+00
1.270134277387473531e+00
2.480540154358557847e-01
-2.491032701746210276e-01
1.930679646148135420e-02
2.045163814590675311e-01
2.279558553704112145e-01
5.015571359353287323e-02
-1.565303493548832470e-01
-1.589792719559416645e-01
-1.333796504471779776e-01
-3.943695110851906382e-01
-1.209572755723538506e+00
-1.924434462816944524e+00
-1.886252087169467684e+00
-1.077059441263485517e+00
1.783549332107896290e-01
3.883534349649929052e+00
1.673525165358790812e+00
2.237021802744914911e+00
2.348267552004160041e+00
2.605621368897511392e+00
-2.942432724094929508e+00
-2.198843397907178865e+00
-3.946954733140319860e+00
-4.074222217312660987e+00
-4.026308839528026873e+00
-3.685400257733702389e+00
-2.740869222136249839e+00
-3.493060388045045261e+00
-3.864409310951002929e+00
-4.204684037660245899e+00
-4.645339473369477501e-01
-1.376462194481505863e+00
-2.032198208224865077e+00
-2.574298277990873185e+00
2.205548874382091462e+00
1.794991956739983241e+00
1.060369926684152864e+00
2.112793047971685267e-01
3.990339146842641682e+00
3.457454763751618199e+00
3.171630413162783046e+00
1.136143865562131872e+00
1.924512693886209380e+00
3.611222159474610560e+00
3.168180036113389608e+00
2.190387630557292020e+00
1.725830181376476036e+00
1.131973469547481015e+00
3.643582666370862033e-01
-4.578034734802545191e-01
-1.803414199111265104e-01
1.553981247588799020e-01
1.858128668073882883e-01
1.094379288063129611e-02
-1.649332342330875611e-01
-4.367225340906122910e-01
-1.047405580011415260e+00
-1.365400526730727426e+00
-1.368942332160146380e+00
-1.158089754895847090e+00
-5.422140941807856995e-01
2.296881623617665069e-01
-1.383572044530958278e+00
-2.737409064720287555e-01
2.364361748814719277e+00
-1.472096290182587364e+00
2.190600556677562150e+00
3.861658525631127770e+00
-2.534176472754021248e+00
-2.959485713517614247e+00
-2.707465720066311921e+00
-3.215290961102777456e-01
-8.960210080822684775e-01
2.986564805823698432e+00
1.783740315743165272e+00
3.850984641292435118e+00
5.778378141729230144e-01
1.821294981837215055e+00
-3.281233138809608540e+00
-3.018559416991737354e+00
2.139766680310184910e+00
3.488376439363589210e+00
1.226272728256300182e+00
3.888270378067751221e+00
-5.541780707212953239e-01
2.998568622639636860e+00
-9.835510965590766874e-01
-5.937084133423953247e-01
8.992023256281457544e-02
2.726990661801322879e-01
3.819659349401808429e-02
-7.540463878391383545e-01
-1.507727565926623159e+00
-1.349291309636670766e+00
-1.004042882809547121e+00
6.438312105554749865e-02
-1.753509575393946474e+00
3.199468811891768016e+00
-2.330534053667196570e+00
6.689315541286749989e-01
-1.804432347063621433e+00
6.812089597249972872e-01
4.817355804622018289e-01
-8.894044326989695159e-01
3.555668248245705598e+00
-6.975832958335421996e-02
-5.944132628574253507e-01
2.248853451466691578e+00
-1.738693462637569853e+00
1.129628704936128658e+00
1.013940660215743472e+00
4.659986502429245836e-01
1.506132201438683538e+00
-1.463036800795088355e-01
3.446781776003834952e-01
-6.891622423125081109e-01
1.404625964382430481e-01
3.145072313553753052e+00
-1.941867792015014693e+00
-1.447223231423577561e+00
-1.893709226458549555e+00
3.313744390164875764e+00
2.950641564412318729e+00
1.502983258231904429e-01
-1.980148855459992419e+00
2.141874463892099900e+00
6.638317638791434161e-02
1.939114194094501142e+00
-2.214617906860471552e-01
-2.041473102587076927e+00
-2.626886266333320563e+00
2.853357632212981443e+00
-2.860078012931813518e+00
-1.367800778307611376e+00
1.129178434297531286e+00
1.632946950478671999e+00
-3.601159314074617868e-01
2.516644807186802169e+00
-3.121773800045789304e+00
-3.519941173685197516e-02
-3.896883861467537735e-01
1.632456118871468798e+00
-2.271522941171443044e+00
-1.651049957255842360e+00
-2.287038480460179102e+00
-9.521067370088714954e-01
0.000000000000000000e+00
0.000000000000000000e+00
-1.633512711257824046e+00
-1.507740557280467186e+00
0.000000000000000000e+00
0.000000000000000000e+00
3.341827459233499137e-02
-1.161865134736040250e+00
0.000000000000000000e+00
0.000000000000000000e+00
4.509850905393660847e-01
1.713228551210838058e-01
0.000000000000000000e+00
0.000000000000000000e+00
1.277464709487257322e+00
1.637909545163803271e+00
0.000000000000000000e+00
0.000000000000000000e+00
-2.815929916159398694e+00
-1.273059508304994480e+00
0.000000000000000000e+00
0.000000000000000000e+00
1.688340289767979785e+00
2.364939691197623373e-01
0.000000000000000000e+00
0.000000000000000000e+00
-2.451628146894338500e-01
-2.822649022750692294e-01
0.000000000000000000e+00
0.000000000000000000e+00
-6.374658139682617408e-01
-1.652818574972491961e+00
0.000000000000000000e+00
-1.398651169155129548e+00
-2.253189056543793534e+00
0.000000000000000000e+00
-1.938480282883492611e+00
-2.653554025879702571e+00
0.000000000000000000e+00
-1.782212175119670450e+00
-2.812900061885816871e+00
0.000000000000000000e+00
-1.490406422948546084e+00
0.000000000000000000e+00
-1.510036307389845733e+00
-8.263662086500540571e-01
0.000000000000000000e+00
-1.582088942310932445e-01
-8.409148640467228875e-01
0.000000000000000000e+00
-1.566781729973383497e+00
-1.670043212323462312e+00
0.000000000000000000e+00
-1.250572519101253777e+00
-2.361207053086692209e+00
-6.015897563740588705e-01
0.000000000000000000e+00
-4.753607062422831597e-01
-1.911855593927860031e-01
0.000000000000000000e+00
1.686104218118031906e+00
2.471723958754584727e-01
0.000000000000000000e+00
1.557951499846212062e+00
2.682061022308001585e-01
0.000000000000000000e+00
1.369356917966182419e+00
0.000000000000000000e+00
2.085945977470311075e+00
-9.507199946936419066e-02
0.000000000000000000e+00
1.095931976820267550e+00
-4.193422981025598378e-02
0.000000000000000000e+00
-2.017382251767707579e-02
4.360084159487288558e-01
0.000000000000000000e+00
5.342966940093077932e-01
9.040138241770206973e-01
3.864168041722534919e-02
0.000000000000000000e+00
-1.654570846267574766e-02
9.085839670612414487e-01
0.000000000000000000e+00
1.711125476606091711e+00
2.588337233825985795e+00
0.000000000000000000e+00
9.367849684151393630e-01
2.072595291919727689e+00
0.000000000000000000e+00
1.687879930051614963e+00
0.000000000000000000e+00
1.573579763057225689e+00
1.172146834416026628e+00
0.000000000000000000e+00
5.209789381521591212e-01
1.498328847315705259e+00
0.000000000000000000e+00
2.388740510285328522e+00
2.842546107791923848e+00
0.000000000000000000e+00
1.283715253643463727e+00
2.845697007459388139e+00
1.662057057964762885e+00
0.000000000000000000e+00
7.085738647112485022e-01
1.485165678057164929e+00
0.000000000000000000e+00
1.033310630118832840e+00
1.911327208621654616e+00
0.000000000000000000e+00
1.074664392711492056e+00
8.643518235120121185e-01
0.000000000000000000e+00
-2.191493580284797071e-01
0.000000000000000000e+00
-5.816280459750468035e-01
1.404129967392470091e-01
0.000000000000000000e+00
2.744709074032697926e-01
9.649142181067844881e-02
0.000000000000000000e+00
-1.948434613248670455e-01
-3.299918661352837512e-01
0.000000000000000000e+00
-4.551922424101464970e-02
-3.369613447588224453e-01
-4.503785677356366701e-01
0.000000000000000000e+00
-6.265394134603806009e+00
-6.728719381087102214e+00
0.000000000000000000e+00
-7.996511007310182606e+00
-6.575872712437335288e+00
0.000000000000000000e+00
-5.251292721834059485e+00
-3.565310461180602797e+00
-6.742285518930278831e-01
-8.865879427631609966e-01
0.000000000000000000e+00
1.409055623167125404e+00
-1.704827555069033940e-01
0.000000000000000000e+00
-6.526055779090291775e-01
-3.016824010056343708e-01
0.000000000000000000e+00
-6.712573671881114645e-01
-3.675271516470688948e-01
-6.512438373239423095e-01
-5.060091631931271650e-01
0.000000000000000000e+00
3.068520328357244864e-01
1.923953606334335431e-01
0.000000000000000000e+00
4.394375778917603559e-01
4.194413577582221664e-01
0.000000000000000000e+00
1.621454277563486868e-01
-1.403368108994328678e-01
-3.537143261117792203e-01
-1.271208762570117168e+00
0.000000000000000000e+00
6.107811630026286354e-01
1.639916955481802274e+00
0.000000000000000000e+00
3.874194784089112442e+00
5.136994363140509279e+00
0.000000000000000000e+00
5.289260301926048236e+00
6.175013036211747242e+00
3.515655251899608036e+00
3.085895581217360739e+00
3.052669230107959986e-02
-5.455124599757985582e-01
-9.426978689297831338e-01
-2.131142426291796621e+00
-2.240786127494526769e-01
-1.141067571049857676e+00
1.965377710987723792e-01
-1.373509601865571250e+00
-8.657328618369802831e-02
8.941308991874452605e-01
-4.582494536657049089e-01
-7.816708016203793852e-01
1.193722286595359838e+00
-5.815310054956297769e-02
1.903734531171775268e+00
-1.181958835321126333e-01
-7.946222967511789026e-01
-4.721983923048246878e-01
-4.304703579309435701e-01
-4.202842494424475772e-01
-7.258420919588119968e-01
-7.300207557709191830e-01
-1.059995788237252157e+00
-6.815763506982014386e-01
6.429568837096064637e-01
1.284248635111654657e+00
-3.010273227531124474e-01
-1.041669515197187756e+00
8.717975745998194359e-01
5.128135399686710727e-01
1.184797432923191840e+00
4.782320101339452290e-01
2.468269877669458268e+00
2.253332766680665955e+00
3.549038014861631840e-01
1.828932763792125771e+00
3.796672752769177261e+00
1.169006669965330925e-01
2.224738190412516747e+00
1.800122349688940249e+00
4.818190238288985183e-01
2.311601961888051449e+00
2.899274057674999128e+00
2.733000969589529650e-01
2.964854249927025620e+00
3.357823539157913206e+00
1.510247444693120500e-01
1.391165250813016341e+00
3.664260235335383253e+00
2.966693959458429619e-01
1.702655861786078306e+00
2.352910841419330268e+00
-5.856825340637707156e-02
1.789732636039799818e+00
3.034729966118793421e+00
3.069253570048516289e-01
9.413165593524682739e-01
1.431230488752468721e+00
3.100197831924148550e-01
-4.566878744321811734e-01
4.623534826586151447e-01
-4.547350978441724173e-02
-9.974291313531562231e-02
1.614957185248971250e+00
-5.082625076385454133e-01
9.332579585725904181e-01
1.396398426465226050e+00
-2.830309686881994358e-01
6.444137783028325295e-02
2.944812641867141645e-01
-2.653501691546724661e-01
-6.940287254507550296e-02
-7.934336087436205665e-01
-9.500723503220236121e-02
-1.214695358659948932e+00
-9.552592609587949868e-01
-3.598224806865001346e-01
1.486158549617202715e-02
-1.086856609351604330e+00
-2.719127847753811111e-01
-9.645546644499565503e-02
-1.059537410892327447e+00
-8.241045690276935232e-02
3.380982466320387458e-01
-1.252382141797288684e+00
-8.617119136693419668e-01
-6.364977702081868749e-01
1.968622289576947570e-01
-3.006174239787299807e-01
-7.524096330516153452e-01
-1.041325389485590058e+00
-3.314439535433058026e-01
2.735877114563353141e-01
-1.379056233274158050e+00
-2.177585035524572721e+00
-1.185164146670001140e+00
-5.369352541014581481e-01
3.247193669665092153e-01
-1.446951217444884419e+00
-3.356901392860182076e-01
2.148756202946766891e-01
1.764429206595732325e-01
2.364116074623320504e-02
7.902979625621627813e-01
3.007365956294909548e-01
6.767977239810276657e-01
-1.899208904931073416e-01
1.931826222814286842e-01
6.094213970496927812e-01
-8.003014774925838459e-01
4.621603439933004709e-01
4.769771741354308925e-01
-7.488361992444253490e-01
3.180976040978417130e-01
-2.134760932465032679e-01
1.272708150724556786e+00
5.203935255333015653e-02
-9.278699547205015996e-02
1.852143986233483475e-01
-2.400982173637532247e-01
-2.894220071480773093e-01
-4.429632067943369278e-01
-1.945315651932374434e-01
-1.006029321551710071e-01
-4.780881781324027857e-01
-3.393079585857877029e-02
1.585556610423883572e-01
-1.645245980595564927e-01
1.687956640035086775e-01
2.334109402378358455e-01
1.540715790060462886e-01
1.417205644065141767e-01
-2.590914663688110853e-01
1.471948254534219125e-01
-8.992960043073735532e-01
-5.651198974067755953e-01
-2.231023733911229393e-02
-8.234236930193269410e-01
-7.374102574593681680e-01
2.610581272867233682e-02
1.068745485895535641e+00
-2.884255600884635951e-01
2.493830624413511179e-02
1.717153820288839672e+00
2.181779432649761097e-01
-2.719157060531995351e-01
5.817161560756852756e-01
1.048030701221314809e+00
2.310549858441814097e-01
1.240898322360036998e-01
9.939098542125279767e-01
9.067699639488566721e-01
-3.051615025382923285e-01
-1.014142568328157523e+00
9.319065594080897519e-01
-1.035727125744433097e-01
-2.358192717501189639e-01
-1.625967032392278799e+00
-1.156560366178137178e+00
7.749727686224165968e-01
2.647284717966521317e+00
1.591930130711833424e+00
1.030444836843837919e+00
5.240326013989341503e-01
6.106594263058458608e-03
1.111759419403079763e+00
2.140166465460999312e+00
7.911166909525286783e-01
-2.094369782898737320e-01
-3.010832984851969929e-01
2.560413399452013961e-01
-1.277889749755773546e-02
-9.638990988771818369e-01
-5.894468683565832201e-01
4.846091336166376551e-01
3.497602466100759311e-01
1.917389934915215921e+00
3.809450845451645140e-01
3.103631909322446703e+00
1.710922151217479037e+00
4.914586230817432067e-01
3.835189583611121611e-01
3.248408833581057475e+00
-1.714942905807777807e-01
4.595882401655498661e+00
2.292504998228756641e+00
-4.991514536708474004e-01
2.693555109343540366e+00
5.704639028375264154e+00
2.286803773065400058e+00
6.040585067726950363e+00
6.479345954189851264e-01
5.915313004651856499e-01
8.105481179325840779e-01
-3.158940780104273482e-01
8.901736620800994315e-02
2.909697234023717272e+00
-5.620913020142364047e-01
2.030683238214640252e+00
3.784764503999647811e+00
2.326808481226824377e+00
4.534697037056932167e+00
-3.198393473135597853e-01
-5.145182262086715752e-02
-1.679565806166790409e+00
-2.557071997781834582e+00
-6.774803573015767411e-01
-1.184985117156562628e+00
-7.837803417077577883e-01
-3.547055769733256092e-01
-2.049286802911727268e-01
-2.421648424210542661e-01
-6.611210096150635929e-01
1.839974188629941443e+00
-4.202269866240833651e-01
-5.223553608909565771e-01
-2.680752342021943235e+00
-3.635906448865334761e-01
-1.771689288406875784e+00
-3.190470013948846439e+00
-3.628732060323634490e-01
-2.598182434357267923e+00
-2.682863972523712004e+00
-2.636052995432247581e+00
-5.109777167062723446e-01
-1.774428368919478416e+00
-2.242707901024756367e+00
-1.907021638763034266e-01
-3.055430498775067782e+00
-3.774304368014403721e+00
-1.937824817988571535e+00
-2.988446279463436550e+00
-8.123596623206010836e-01
4.021595711663866757e-02
-5.098666735493079250e-01
4.433290166987919889e-01
-5.477351665359880828e-01
3.546290922227908204e-01
-6.459630314100198722e-01
-7.625247228468334804e-02
-4.580223275841761033e-01
-1.170412501690567986e+00
-6.650980321634977210e-01
-7.635775041910055627e-01
1.173441191274119944e-01
4.401805463737337165e-01
3.288368779684490706e-01
5.878526674469206625e-01
1.255569371845653537e+00
3.681612952151369633e-01
1.702069211363744783e+00
4.409540857012024806e-01
-1.784163854774342695e-01
8.632492087802119407e-01
2.654123266560539651e-01
-3.145461821119912016e-01
-7.735240261170070811e-03
-9.055402277630263119e-02
-3.915941175564343069e-01
-7.562261338393829746e-01
7.387875685495465250e-02
-9.082615100645763384e-02
-3.773034742824961096e-01
2.719153603926408591e-01
2.342051673556193869e-01
-3.929842659759145290e-02
1.372464153234954076e-01
-7.125026503017172219e-01
2.252825560364871416e-01
-1.353176452146607200e+00
-3.479667876046729225e-01
2.387899668770253059e-01
5.318656409524062934e-01
1.086739098654603136e-01
1.133387592343082922e-01
1.507827407094296301e+00
1.816838499210727265e-01
-5.709084191136565983e-02
6.042418118203296551e-01
3.500021097090315059e-01
2.287518446131044381e-01
-2.481774101081446471e-01
8.017309421571113814e-01
-2.578828957651801979e-01
-9.370343745113098033e-02
7.610671993432575055e-01
-2.351877624663848698e-01
2.475620320620097181e-01
7.005130991652916972e-01
-4.814156949506643857e-01
8.326438590152742680e-01
2.457413531528847006e+00
2.242053907630191301e+00
3.476967076502383236e+00
1.452440795559389208e+00
7.856125253230615835e-01
3.936847568132992858e-01
6.289165338084615753e-01
-2.752986820651681654e-01
-3.125519661929468729e+00
-3.708212060209270522e+00
-3.298172502120007454e+00
-1.907398543877955044e-01
3.284260015904229557e-01
-4.484812603479821358e-01
1.764301967504298130e-01
-2.584779481231436749e-01
3.942317425914379503e-01
-2.357812696146471126e-02
-5.012831588999681204e-02
7.923130623919587556e-01
6.036077830929617027e-01
-1.371289983349930131e+00
-1.240672479313637444e+00
-7.608441823745300425e+00
-7.632470489055492635e+00
-1.532219689341282609e-01
1.592006693815383733e-01
-2.887285732872046040e+00
-2.012146154595874648e-01
-2.081413327395718937e+00
-4.835477874946882082e+00
-3.702485580348024441e-01
-3.853987271528967473e-01
-1.307282190328252769e+00
-1.528029135041515489e-02
7.424702284114670370e-02
-1.604569525093033633e+00
-6.506574903105920571e-01
-6.314252880433030013e-02
1.092388752103733873e+00
-2.686131260567345760e-02
1.264516776398369124e+00
9.266851648607440373e-01
-8.023708134640492040e-02
6.913608821589347642e-01
7.890063759742176330e-01
2.715970205162073770e-01
4.988526713031958826e-01
4.478990473604243516e-01
-1.647688713930854920e-01
-5.665537646924271309e-01
2.769385680651531567e-01
-1.080647273878909465e+00
-6.239877531337263861e+00
-1.230461317418291678e+01
-4.364654859681599275e-01
-2.544763918699104899e+00
-9.771112948509864948e-02
2.775407804166533585e-02
-2.441818324417756036e-01
3.497123857049689311e-01
4.854311214686644060e-01
1.474445543223438793e-01
2.820226719329881893e-01
4.795819423852575314e-01
1.432439572739688249e-01
-8.552320825847975483e-04
3.654680723385284047e-01
-2.586262164822335508e-01
-3.174929369185890971e-01
-7.367811063381167758e-01
-4.327196821076121358e-01
-1.472137747673202546e-01
-1.407186269369180842e-01
4.505292765443658781e-02
-3.103793382855270511e-01
-1.115542813201517713e+00
-9.588968922221546842e-02
-1.630737816774695537e+00
3.404094603483946990e-01
1.083200288246561893e-01
1.085796880004026077e+00
5.648639883899645442e-01
3.085036606473066101e-01
2.107900967093341293e+00
1.985476778475025184e-01
5.285836932191233517e-01
4.165917918165192857e-01
6.592146003413801303e-02
3.186801858725858971e-01
4.030999390755575784e-01
-6.761447994924295324e-02
-4.562737649039956267e+00
-2.464433443325121154e+00
2.343561778044275234e-01
7.280709499307853605e-01
-6.165945891320544270e+00
-6.730729342800054305e+00
1.521449767783412954e-01
1.555946776364235618e+00
-1.902734965526287736e+00
-2.917377522190684580e+00
2.923767268256061702e-01
3.268779199786764345e-01
1.206234868909736302e-01
8.258217097541658003e-01
3.700899486809927086e-01
4.217547885646962813e-01
4.289620547677620577e-01
-1.810607653573415854e-01
-1.688889448395773998e-02
-1.794867311265422094e+00
2.391398229868543224e-01
-7.870284190811843716e-01
-7.010259312278913635e-01
-7.149903053982588075e-01
-3.591065976991558023e-02
-1.794763657020922221e+00
-7.354636508665216565e-01
-4.067195162294166000e-01
-2.845501811391443869e+00
7.713270071445937903e-01
1.514441624850269896e+00
2.919893462340316326e+00
7.419191162699422248e-01
2.094304057569745803e-03
1.856825756706879105e-01
-4.089047071192302707e-01
-1.164380591930115116e+00
-3.570608326088365869e-01
-1.653029946683580720e+00
-2.080410914955881374e+00
-8.500421165440112947e-01
-4.183878289657718547e-02
5.518342257417757635e-01
5.500516645924092840e-01
-7.341263081764276555e-01
1.199500241222844377e+00
-2.858828835374276345e-01
-4.499295777915499756e-02
-1.701519021208236282e+00
3.217407603669671379e-01
-4.183029269548174667e-01
-1.230768438275345322e-01
-1.039034875263045610e+00
-1.673489253163961576e+00
8.998062310490299032e-01
3.772548322345079974e+00
5.579020637354200396e+00
2.288525757754304113e+00
6.499588766192792910e+00
-7.766830188528428547e-01
-9.711767422554204998e-01
-3.651570801050779691e-01
5.706079826381269676e-02
-1.333857901798684908e+00
-9.374220735193089515e-01
1.422768259562674775e-01
-2.719571839132708946e-01
-8.077253912422709403e-01
-3.410452225479483346e+00
5.022476881951207783e-01
1.545663985904316862e+00
1.358813847866842561e+00
4.968638789280229728e-01
-3.775620606902140852e-01
6.338097527670349951e-01
3.419254069899066995e-01
1.185126350462727185e+00
3.587676933779200272e-01
4.249367880790379248e-02
7.753999886375265715e-01
3.991131381471651363e+00
2.601770040650457805e+00
3.783486845117681074e+00
5.528316548890348514e-01
5.370669033060354591e-01
-1.039496328501971767e-01
-1.010338373218029773e+00
-9.492745696384501386e-01
-8.237795773764957641e-01
1.517306045775579371e+00
1.572656203978225753e-01
1.202279801893695543e+00
3.163329696315516082e-01
3.611579470118926882e-01
1.568805250045803179e+00
-9.151151836547857243e-01
-2.512829482486065746e+00
-7.737655844776426817e-02
-1.398657359874743822e+00
-1.350682907015418044e+00
6.933045446414665136e-01
3.696048529336819211e-02
-7.179467494004493355e-02
8.419955332568676010e-01
4.179899933230957210e-01
1.952554615005868965e-01
-1.265351349096030864e+00
-2.276820993083577271e-01
-1.202875794501022444e+00
3.724619760085013526e-02
-7.582764991151375034e-01
4.441246337212600981e-02
-5.022701599550308260e-02
2.482331029905090247e+00
0.000000000000000000e+00
0.000000000000000000e+00
0.000000000000000000e+00
0.000000000000000000e+00
0.000000000000000000e+00
0.000000000000000000e+00
0.000000000000000000e+00
0.000000000000000000e+00
0.000000000000000000e+00
0.000000000000000000e+00
0.000000000000000000e+00
0.000000000000000000e+00
0.000000000000000000e+00
0.000000000000000000e+00
0.000000000000000000e+00
0.000000000000000000e+00
0.000000000000000000e+00
0.000000000000000000e+00
0.000000000000000000e+00
0.000000000000000000e+00
0.000000000000000000e+00
0.000000000000000000e+00
0.000000000000000000e+00
0.000000000000000000e+00
0.000000000000000000e+00
0.000000000000000000e+00
0.000000000000000000e+00
0.000000000000000000e+00
0.000000000000000000e+00
0.000000000000000000e+00
0.000000000000000000e+00
0.000000000000000000e+00
0.000000000000000000e+00
0.000000000000000000e+00
0.000000000000000000e+00
0.000000000000000000e+00
0.000000000000000000e+00
0.000000000000000000e+00
0.000000000000000000e+00
0.000000000000000000e+00
0.000000000000000000e+00
0.000000000000000000e+00
0.000000000000000000e+00
0.000000000000000000e+00
0.000000000000000000e+00
0.000000000000000000e+00
0.000000000000000000e+00
0.000000000000000000e+00
0.000000000000000000e+00
0.000000000000000000e+00
0.000000000000000000e+00
0.000000000000000000e+00
0.000000000000000000e+00
0.000000000000000000e+00
0.000000000000000000e+00
0.000000000000000000e+00
0.000000000000000000e+00
0.000000000000000000e+00
0.000000000000000000e+00
0.000000000000000000e+00
4.975082448229811716e-01
7.072115015117466097e-01
8.375524369339049091e-01
8.955916931004140880e-01
9.398485765902008238e-01
1.227399002825604546e+00
1.749952022658993078e+00
2.163226040135033834e+00
3.174186447620647833e+00
3.433855751026363201e+00
3.124115906958058630e+00
2.662678661048879292e+00
1.959959276049793475e+00
1.491859471679488847e+00
8.380093485913185924e-01
2.113565569555590495e-01
-2.777695318118799661e-01
-8.166844160152731957e-01
-1.083666604500169495e+00
-1.288981154046322519e+00
-1.554351121831986982e+00
-1.883396321722340172e+00
-2.092612358694506902e+00
-1.849899015271415204e+00
-1.937708381687708314e+00
-1.656581568862098397e+00
-1.497212668025611926e+00
-1.253063467334875947e+00
-9.107440667018602554e-01
-4.518461732948517162e-01
-3.835511293031412805e-01
1.260414811542961977e-01
1.122958193353379874e+00
1.872874500673416653e+00
2.975581780963652001e+00
3.818180685538438368e+00
3.960524986649152979e+00
3.054061150399454139e+00
1.583156527027059557e+00
2.872024934427593879e-01
-3.692676168098191214e-02
-9.182845800394991154e-02
-1.164426887382289250e-01
-1.453309625737678468e-01
-3.860643995172423348e-02
6.541133760830150079e-01
2.168914253702757478e+00
3.436112898080525557e+00
3.404734203514862223e+00
2.330927926721567456e+00
1.370950989504467588e+00
9.598981923149182416e-01
2.922609573675909456e-01
4.326856900304607123e+00
3.450704691062231433e+00
2.938810778462790374e+00
2.314395960785536221e+00
3.386535912771520884e+00
4.094186521757145591e+00
3.343449963995824836e-01
1.186623348099056008e+00
2.048521649890056473e+00
2.755939374599266856e+00
-2.187921332486282733e+00
-1.761757573645534425e+00
-1.009684355511582199e+00
-4.215025615609883647e-01
-3.812825263856266300e+00
-3.839080004608026009e+00
-3.480916541055167457e+00
-3.083249314880086800e+00
-2.726565737712260074e+00
-3.474770694785981995e+00
-3.970718013054250317e+00
-3.793296149996321365e+00
-5.134873586551556013e-01
-1.530610416745131097e+00
-2.430541900166198310e+00
1.916763947364171550e+00
2.376469472108962755e+00
1.052053158846565806e+00
1.697248973900814084e+00
4.053185766353691655e+00
4.494859341895915961e+00
4.964164427988088768e+00
4.688953583387155177e+00
3.296338888498103525e+00
9.165783851094732038e-01
4.171910419978467482e-02
-2.412936663427446282e-01
-2.678178966281576923e-01
5.514323016575134462e-02
1.412244424250364006e+00
3.495133946488198529e+00
4.089335426100170423e+00
3.832996137071386311e+00
3.091241415951040405e+00
2.301660973442190450e+00
1.890725151533281911e+00
4.818958808215150214e+00
4.836977554344291441e+00
3.152635895502152064e+00
1.869402249098220281e+00
2.986380546332280783e+00
1.396355661078581001e-01
2.965784897069517201e-01
-2.891052369146180023e+00
-1.780452945888329364e+00
-3.914328567308565265e+00
-3.078699695794416602e+00
-3.086751516321777356e+00
-3.328657886773965568e+00
-1.063335023937296286e+00
2.420038879202914828e+00
2.543194391957113609e+00
-2.616984224006701498e-01
2.729739369401023907e+00
3.181560459907390559e+00
2.082113977990431852e+00
2.326477729983241538e+00
1.234045074652942997e+00
3.235750673156165824e+00
2.667819664172352390e+00
3.869961661649140794e+00
1.505783513014567143e+00
5.952005961399904621e-02
-3.727234801254839525e-01
2.845464543748803601e-02
1.737904878644309647e+00
3.818194674832028568e+00
3.880616432959212325e+00
3.685133317711009493e+00
2.756527706075415196e+00
1.009791919310156105e+00
-2.073376011063269964e+00
-6.981383050694409675e-01
-3.751602394605152657e+00
-2.416774739264202942e+00
2.834389117184807461e+00
4.827862167487430689e+00
3.350960621762819613e+00
-3.302175447811929732e-01
-1.348675864024153348e-01
-2.974911337616554796e+00
-2.471911933513713855e+00
-1.467421032478587462e+00
2.607644597959969168e+00
-3.183527723298165135e+00
-1.714634647181980942e-01
2.491802776477141990e+00
3.026288134164005328e+00
-1.513390704537283804e-01
1.126211349591610400e+00
-5.227285711985427685e-01
-1.293734561320736720e+00
-8.402379039271423711e-01
5.021765906102949872e-02
-2.466150419264595772e+00
8.090719162319792712e-01
1.793143318664752739e+00
-1.512935867361465681e-01
3.461477495953283245e+00
2.409643577669942971e+00
4.657174858453737298e-02
2.321133579618968490e+00
2.608201956535551425e+00
2.713280350200683255e+00
1.883962010189065506e+00
-3.732717598793871550e-01
-1.082318095710091743e+00
3.143143369440783097e+00
2.156258128645549998e+00
-2.191665191185526940e+00
-3.032892466290489253e+00
1.237339588707340399e+00
4.484494620329407266e-01
1.629919910133705185e+00
-1.184542885173737625e+00
1.430772819741818469e-01
-1.287209793210517816e-01
-1.957254906894889679e+00
2.165208589853516941e+00
8.862379306867224082e-01
0.000000000000000000e+00
0.000000000000000000e+00
3.390822344635902486e+00
1.754021303176735991e+00
0.000000000000000000e+00
0.000000000000000000e+00
-5.572911037404051804e+00
-3.031415103235317154e+00
0.000000000000000000e+00
0.000000000000000000e+00
2.411724095138791935e-01
-7.975993920730866105e-01
0.000000000000000000e+00
0.000000000000000000e+00
2.541042548080196806e+00
1.682684193792033378e+00
0.000000000000000000e+00
0.000000000000000000e+00
1.083192059702423382e+00
1.276315518426996976e+00
0.000000000000000000e+00
0.000000000000000000e+00
-1.705068923444829965e+00
-1.474414927075262893e+00
0.000000000000000000e+00
0.000000000000000000e+00
-6.034611914336716204e-02
-1.859318139429109729e-01
0.000000000000000000e+00
0.000000000000000000e+00
-1.242170108207195200e+00
-9.149475657374870341e-01
0.000000000000000000e+00
2.614725850915488259e+00
2.213616037472804443e+00
0.000000000000000000e+00
1.289433706311544636e+00
1.438244115782294719e+00
0.000000000000000000e+00
1.019724983403587970e+00
8.642263041709892235e-01
0.000000000000000000e+00
4.308631940094468510e-02
0.000000000000000000e+00
-4.304134903473633700e-01
6.514946348652370656e-01
0.000000000000000000e+00
5.291066671761825990e-01
6.119405079418227533e-01
0.000000000000000000e+00
-5.898606630158342856e-01
1.229076448113524678e-01
0.000000000000000000e+00
-8.999125445924068822e-01
-1.324867277165967749e+00
-2.610474416463320235e+00
0.000000000000000000e+00
-4.968663636257316440e+00
-4.184742053740769130e+00
0.000000000000000000e+00
-4.540152988975875381e+00
-3.694950687583417270e+00
0.000000000000000000e+00
-3.835202295818978868e+00
-3.516224607956126125e+00
0.000000000000000000e+00
-7.041537715709442757e-01
0.000000000000000000e+00
3.853608058748895226e-01
-2.240765036800312637e-01
0.000000000000000000e+00
-6.829809632662202645e-01
-1.586300323429045367e+00
0.000000000000000000e+00
-7.549292833019154436e-01
-1.724779129737971539e+00
0.000000000000000000e+00
-6.870972421629422122e-01
-1.972563717017846496e+00
-3.321458457000981412e-01
0.000000000000000000e+00
-3.684769456436502999e-01
-1.890102377865986671e+00
0.000000000000000000e+00
-1.307009398022475066e+00
-1.418741786623808787e+00
0.000000000000000000e+00
-2.999724853947507985e-01
-6.359817968009591205e-01
0.000000000000000000e+00
-1.491916383018720704e-01
0.000000000000000000e+00
5.981810173720614188e-01
1.753716731576173415e-01
0.000000000000000000e+00
3.117548699238626986e-01
-6.261857883115292678e-01
0.000000000000000000e+00
7.111441456273767114e-01
7.329226312929961740e-01
0.000000000000000000e+00
4.306820302454705818e-01
1.435169502711747258e+00
1.584012096359995958e+00
0.000000000000000000e+00
9.079449403500536864e-01
1.817152200559904784e+00
0.000000000000000000e+00
2.458804222809191309e+00
2.995874436320518086e+00
0.000000000000000000e+00
2.507826713565609378e+00
2.535761194591731105e+00
0.000000000000000000e+00
1.344104784383435058e+00
0.000000000000000000e+00
6.899247766807745652e-01
1.638042711286207043e+00
0.000000000000000000e+00
1.045078957481218929e+00
3.149173182369241264e+00
0.000000000000000000e+00
2.411301585749190846e+00
1.604950674833572899e+00
0.000000000000000000e+00
3.010673026009903497e-01
2.081566530047900265e+00
1.533074403725869672e+00
0.000000000000000000e+00
-1.025291413330456924e+00
-2.218403521622823060e+00
0.000000000000000000e+00
-5.365775444435077368e+00
-5.651147760829055677e+00
0.000000000000000000e+00
-8.242060274025503119e+00
-6.768303964102805104e+00
-6.944984357816553100e+00
-4.657847730113998885e+00
0.000000000000000000e+00
2.121438803099090720e+00
4.595841840204533124e-01
0.000000000000000000e+00
3.256456767943613162e+00
6.464186510477253345e-01
0.000000000000000000e+00
1.461042608337477899e+00
4.386791775288624851e-01
4.331544624493346984e-01
4.707679209399901615e-02
0.000000000000000000e+00
-1.114780043538787513e-01
-1.513907693122621247e-03
0.000000000000000000e+00
2.067632132904026199e-01
6.908882359990329292e-01
0.000000000000000000e+00
3.769745111928173298e-01
2.171007581863765523e+00
2.529749424856345685e-01
2.770851188389404918e+00
0.000000000000000000e+00
-4.192710461371081720e+00
-6.593509150393153107e+00
0.000000000000000000e+00
-6.145351770241338052e+00
-6.803527399390818964e+00
0.000000000000000000e+00
-3.755970230379902741e+00
-3.460538396837373742e+00
-2.291536440761895166e-01
4.083056554296770613e-01
-1.512894822461706701e-01
-3.071433030068545511e-01
4.717267398464231043e-01
1.313305596794353824e-01
-1.763733522929245290e-01
-5.006884751376446951e-01
6.083740629793699117e-01
-2.917865301809572931e-01
-5.238542639713466009e-01
6.274511211133296795e-01
-2.692381857715223092e-01
9.559428282417894440e-01
-1.891566997066869427e-01
1.692534605802139824e-01
5.588891662799759796e-01
-1.794905584234857965e-01
-8.962408098988315919e-01
-8.015876185833487044e-01
-9.493292297584133843e-01
-2.073095100528054680e+00
-1.825748792069187942e+00
-1.190468201329534015e+00
-2.842420907102213956e+00
-3.418859522828221476e+00
-1.118582351293589405e-01
-2.198631596225716134e+00
-2.309386315392428557e+00
-2.602738378270879949e+00
-1.180636082609733822e-01
-2.128641373980585172e+00
-2.232094194353372973e+00
6.088330637846904869e-01
-9.083600477029827314e-01
-1.607606607143449384e+00
-6.014178588527343550e-01
1.004232439943054889e+00
2.774389607778275368e-01
4.478663376495057302e-01
8.360413888258133586e-02
-1.149474424321719201e+00
4.590348271569167360e-01
3.715661860511814685e-01
-2.668280254997489886e-01
4.792194276033516775e-01
9.506965190590989101e-01
7.349330113014713728e-01
-9.516602671596773727e-03
1.741842362062402172e+00
2.140280712487818704e+00
5.463303913290430414e-01
1.452124344373872056e+00
6.924037977253100218e-01
2.410292311285598676e-01
1.774559469255327482e+00
1.517891155474540232e+00
4.158965303398411972e-01
1.125932809644673682e+00
2.549913999709197299e+00
-1.690060512374132184e-01
1.436548095706046413e-01
2.051728744003145088e+00
3.857045686737295420e-01
7.342642987384109254e-01
9.121489746829569700e-01
8.948176977059562123e-03
1.344228829821541904e+00
1.870427109924248432e+00
6.379908305317797401e-01
1.114849785355996437e+00
2.022051558342432109e+00
-1.839921464362420933e-01
7.275897306749185001e-01
2.147236755433575617e+00
3.313898339694504314e-01
6.902662088501608784e-01
-6.507322964798357701e-01
2.041085844041317099e-01
1.027011206191750681e+00
7.664844820751187671e-01
-2.384733310470071033e-01
7.492982520258347767e-01
1.130219225606113209e+00
2.006195035045960917e-01
-1.577607503342154160e+00
-7.216339617900502379e-01
7.359963687231487750e-01
-5.806260745231821285e-03
9.468236852321931796e-01
1.511365396133679262e-01
2.051335020940407539e+00
1.192840253276978624e+00
1.311080842527808654e-01
-1.276553135843539133e+00
1.560124321562527339e+00
6.046146630120320387e-01
4.766732398329239784e-01
1.737296393880511269e+00
-7.526220070872523260e-02
-7.197216230786034341e-01
-4.402069989477170320e-01
-5.970395737239181377e-01
-2.358734808796938420e+00
-4.611420198861787556e-01
-2.267578475121351467e+00
-1.512557564324209292e+00
-8.022927161497583892e-02
-1.758846327550402044e+00
-1.229751716662817573e+00
6.263120104524370069e-01
-2.395548168532582789e+00
-2.219722650842837819e+00
1.174197899578840687e+00
-4.086344591177447860e+00
-1.528361134938589272e+00
1.633885204058890928e+00
-2.424029850560718291e+00
-2.722135476848484559e-01
6.281486294999514275e-01
1.865722213554155351e+00
-1.921002080357628594e-01
1.106693030099043795e-01
1.384032649759101119e+00
-3.075713235573714760e-02
-9.357191709320236694e-02
5.368922560889242135e-01
-4.677581982675935862e-02
-6.054187700862868199e-02
1.066993209649243907e-01
1.951839015886598638e-01
2.865832308810843387e-01
-5.113827726666350833e-03
6.685772912834746506e-01
1.198361537708909186e+00
-9.914726756282299380e-02
1.924852204873753747e+00
1.126917757134610731e+00
-2.080899705526801924e-01
-1.529288219517117020e-01
3.542271170966986293e-01
-1.063020347731432835e+00
-3.217613835273156475e+00
-3.943925084152181681e-01
-1.184613036568109123e+00
-2.578162392141597259e+00
-5.299899072885967399e-01
-1.381328078929003667e+00
-1.204136101776386303e+00
-4.591761302012237894e-02
-1.677100560433478549e+00
-6.765986654495270702e-01
1.262821956453461736e+00
-1.222135378979759768e+00
-1.845509266947355509e-01
2.761403908786609906e-01
-2.475039184855026830e-01
-3.347256252394097409e-01
-4.743945672201175801e-01
-2.599265532619912555e+00
-2.175570205301009974e+00
-2.534661919170117517e-01
-8.456715583365114197e-01
-8.427612553356043090e-01
-6.076146133689539486e-01
-4.861935944730210735e-01
-6.008273674026832767e-01
-1.143841482317470293e+00
-2.512232912616475300e+00
-4.756760457906700768e-01
-7.143687116465826659e-01
-1.954909432718481499e+00
-1.072743322533227905e+00
-4.720448451119462763e-01
-2.097047127955427470e+00
-2.597345960151941746e+00
-5.004566933367804449e-01
5.165548184964574574e-02
-1.144202120298236425e+00
6.481637242093712947e-01
-3.753771224279761842e+00
5.993285188545230957e-01
-4.334262829241038173e-02
3.082442134553096680e-01
7.936874200877196417e-01
8.466804163971284325e-01
1.764996811041584790e-01
2.263767851868251579e+00
6.035613601323481792e-01
2.940665620700136373e-01
-3.028320761727046340e-01
5.799594565186275696e-01
-1.784218021304262658e+00
4.389492025310862133e-01
5.652915591895588676e-01
9.292069358811602120e-01
3.365979102351431829e-01
9.125299963397069947e-01
2.952279112534056615e+00
3.359197623716328462e-01
3.096302458767683508e+00
3.392379704944194163e+00
2.394105474429145453e+00
2.852435032481000832e+00
1.214356862818722071e-01
3.346235211699517542e-01
1.916670647039942832e+00
2.030385163789139469e+00
-1.364753660730696518e-02
1.321632007655169305e+00
3.379907239703496380e+00
-4.690351623435934370e-02
2.617100358486806666e+00
3.587823473043190159e+00
1.511855452356077434e+00
4.570252079282224322e+00
6.995676143803390978e-01
-4.901544727971531706e-02
5.271560678482275497e-01
-4.256957170565109916e-01
-4.917199162507973065e-01
1.238275291775660980e+00
-1.025683718814447837e-01
8.850967692306118684e-01
6.329105909063288404e-01
2.776791153727864003e+00
-4.768146459389185354e-01
-1.668647292287259276e+00
-2.637910473977398862e+00
-9.468284747155708558e-01
-1.275066279817069770e+00
-9.017836797624740885e-01
-1.400189592254918347e+00
-2.790354284049684219e-01
1.098410839391608329e+00
1.402807890324523576e+00
-1.038750203884714479e-01
-8.624681655314237264e-03
1.559907225538698927e-01
2.391598300904351770e-03
-5.872029810740950762e-01
-2.741276573298043751e-01
-1.925239803637136093e+00
-3.030886168631686139e+00
-1.843043337821103966e+00
-1.865319474450907400e+00
-2.680552736616256260e-01
-2.661843052887658545e-01
-4.097736709192647542e-01
-2.326603375525697626e-01
-3.685042433639675319e-01
-3.690832976394308185e-01
-5.004232808183614045e-01
-1.506470784487204062e+00
1.465110595420830109e+00
-4.484257271601122419e+00
1.940912244201418724e-01
1.153389394425095471e+00
-4.990285749939774029e-02
-5.089580653150107548e-01
3.411710160484278109e-01
1.449679585335884813e+00
2.129658610577242761e-01
1.934938969208845894e-01
7.241636718298373188e-01
1.854023763212057918e-01
5.004787665994724355e-01
1.441215969196532332e-01
5.457441829851522597e-01
1.760424871112345580e+00
-2.147279382703900230e-01
1.269201082911834089e+00
-1.715560485243319278e-01
-9.601268139003790725e-02
-2.111927522764829757e+00
-4.927271945723269986e-01
-4.117210254483962689e-02
-2.176416319258524190e+00
-5.303802377682644842e-01
-1.925206625820857498e-01
-4.084372216913944587e-01
-5.951005382018423884e-01
5.651401721395474947e-03
-4.025071497707066737e-02
-2.868809157473692362e-01
-5.073812490341473858e-01
9.302889727634178554e-03
6.730759503307529590e-01
2.117301591889755585e-01
-5.617371176026055846e-01
-3.044899305295028710e-02
1.827108617565022797e-01
6.988020734813449319e-01
-9.905711224774406132e-01
-7.118669655085175796e-01
-3.494427628903471028e+00
-2.429426201981651712e+00
-6.431866654329526645e-02
-6.880454379177750046e-02
1.857996326059441761e-01
2.030926284152308470e-01
1.133158079128560702e+00
2.403619116382196719e+00
2.276543434741708616e+00
-1.361767433803051652e-01
-5.135189901883348979e-02
4.598104786609112371e-01
-1.954504208715117930e-01
9.377085668236720961e-01
2.048443505529774777e-02
-3.578623808424715169e-01
-1.861428794640262452e-01
-6.681373392278968648e-01
-5.167418332769735390e-01
3.914393412266856803e-02
4.402470844892977242e-01
-1.469277235281637228e+00
-2.054717441684914547e+00
9.436322098402346592e-01
-2.271087304456753386e-01
-4.581172078612303800e+00
-4.754500116339139826e-01
-5.861792467832131592e+00
-6.521439140885398444e+00
2.836048617965758467e-01
-3.302770609351334263e-01
-2.443103075096773935e+00
-3.119936648507301569e-01
-1.884347114851454563e+00
-2.187590094679352504e+00
-3.128871143349064576e-01
-9.798407258371352735e-02
-1.200795409410557513e+00
-1.061100045722224300e-01
-9.875251564925285885e-01
-2.286833973825586508e+00
-6.135524270380048328e-01
-4.772434360205802806e-01
-1.004084505656235304e+00
9.251166925670931684e-01
2.374585326764594717e-01
-1.755434651129000045e-01
1.283319060423082358e-01
2.003591594086346350e-01
4.833799602050674604e-01
-3.901485259897800595e-01
-3.012152587936526071e+00
-1.998126030379331564e+00
3.962929721395072047e-01
9.024603240224382539e-01
-3.599096303428583887e-01
-5.053152781201063481e-01
5.494137592828159944e-01
4.891860704793806608e-02
3.246235761831546829e-01
7.926364691788928551e-01
-3.100088234481103155e-01
-3.074226582316697542e-01
1.048255689892336057e-01
-3.387911728097325881e-01
-2.058994684571971157e-01
4.627856125103620433e-01
1.485991113243468054e-01
1.352841349541646476e+00
8.622705838078819074e-01
2.120277569709185794e-01
9.067997049396417930e-01
3.925112145489629278e-01
4.737142071179802905e-01
1.828290920231878669e+00
2.289885055277095793e-01
1.286975827706124120e-01
-1.889796049815942292e+00
-1.901010810033882392e-01
-4.149589466893689682e+00
-3.166035152100772909e-01
6.545849921012976136e-01
-7.326799621449054944e-01
-1.191180175528015750e-01
-1.298428348730101267e-01
9.063391469855405780e-02
6.146380677941334220e-02
-5.408602990151986645e-02
-4.175512070000329534e-01
1.696232348037393645e-02
1.570731825682248006e+00
8.991072023887179687e-02
-1.527945018215907558e+00
-7.496051985054104083e-01
-3.841999455806383246e+00
-3.218238066185919788e+00
-2.069269187413943278e+00
-2.721694657183445276e+00
-1.259146893331007266e+00
-1.243180411526847662e+00
-1.902137616164024103e-01
-1.388817442230928789e-01
-4.108497166575912629e-02
-5.766427988785959302e-01
-1.537983588087073750e-01
-1.240549701436399754e-01
1.944165221952993405e-01
-1.681559974570504545e-01
-1.797126524952951943e-01
-1.021648612120511279e+00
-1.747017845791784429e+00
-7.475878201617973673e-01
5.731796639050228404e-01
3.244178036771752649e-01
6.923253715309947154e-01
2.425358451772785084e+00
-1.667377082977253011e-01
-1.099532364759517739e-01
9.310556226937589663e-01
8.805873659248077967e-01
5.254074772211199118e-01
3.001658570885636035e+00
1.882587641954679980e-01
1.059017710676575241e-01
-3.554127456705478139e-01
1.306597549865061936e+00
9.306131854986116059e-01
1.120781146480792412e+00
1.737523879742769672e+00
1.041770376176812452e+00
-6.548837921619019009e-02
-2.598222876003533632e-01
-1.960429366081956892e-01
-7.494288756373450322e-02
-2.022625798775879447e-01
-3.794456595321443526e+00
1.470507040400101662e-01
-1.842686548591232931e+00
1.704404277738199303e-01
1.961562032713081716e-01
-5.902591598821297358e-01
-4.152134902817907758e+00
2.307073888225772973e-01
6.330290139873165356e-02
3.952609294546552965e-01
-5.618465510317374179e-01
-1.574671455136663623e+00
-1.565796563117228812e+00
-2.523858821264819863e+00
5.718667335789184847e-01
1.359716096193354984e+00
2.319152931432317821e+00
-8.148735279553710464e-01
-7.633092777066642354e-01
-2.504314245941156591e-01
-3.180916163677878217e-01
-4.127383411926912604e-01
-2.028045829509921738e+00
2.027978584938901818e+00
1.388383820259060097e-01
-9.459823308099150896e-02
3.807942768855492321e-01
-5.099108832007595016e-01
8.810173025604555175e-01
-3.919592498750615883e-01
-5.051583479941105237e-01
5.401347736065136296e-01
1.913517942475351230e-01
-6.260772127345355376e-01
2.047005865368860256e-01
-5.251041065660124740e-01
5.920330021908384310e-01
1.763561351597105809e+00
-1.271100876858450857e+00
-5.954337892093959361e-01
-1.404808942688261508e+00
1.259899974009731416e+00
3.166246949002637479e+00
1.920031261517722410e+00
2.849224557006627134e-01
1.441847303083360288e+00
-2.345396579793506131e-01
-1.819309274576039540e-02
-6.739075004865471286e-01
-1.540055112172924678e+00
-1.430375614079240743e+00
-1.023796732256406772e+00
-1.483364237619867465e+00
7.863365052400053123e-01
-1.957281530056226015e-01
-2.113243162999306257e+00
5.137914054181130785e-01
1.403443522999161530e+00
1.066659402983144433e+00
5.225924017602789906e-01
-2.126229605908350528e+00
8.365091884554598511e-01
5.929727851209318779e-01
-8.754486037940840959e-02
7.967837818046580312e-01
-2.612081812325384722e-01
1.042338165975788877e+00
1.381842016289548836e+00
7.756785541738355771e-01
4.254723612261090082e+00
3.821441929125399817e+00
3.468397465491991571e+00
3.850299655563646173e+00
6.219394330598262854e+00
-8.601863655853168922e+00
-4.881239282014447234e+00
-7.617865978588328701e+00
4.574678526982315141e+00
4.569630152611673601e+00
4.624304289235976917e+00
4.761151384007441756e+00
4.588535593816257752e+00
4.786567577484683866e+00
4.696982834544000340e+00
4.761785725934716496e+00
4.635625137248716499e+00
3.918708239354244061e+00
3.522208481005501657e+00
3.072406375153137414e+00
2.999429291891078542e+00
3.133830844182545761e+00
2.909321079523615516e+00
3.328685314679833418e+00
3.336706947891243225e+00
3.428646733257420642e+00
3.625651097588512339e+00
3.661666815691460908e+00
3.936001408270200397e+00
3.745028579752412767e+00
3.768010200462904358e+00
3.895986986222648163e+00
3.800894303431860077e+00
4.112758820958134720e+00
3.995754252053774103e+00
4.101954313287644815e+00
3.962064475587879109e+00
4.195217541613033063e+00
4.160576521004569095e+00
4.101906251153785377e+00
4.179760810123917203e+00
4.300676566630952991e+00
4.320101409387838487e+00
4.379997946560560074e+00
2.947572587831220670e+00
-2.178671880232085911e+00
-6.702006610686158439e+00
-8.769372983301799707e+00
-7.424854816679321345e+00
-6.228699430811627913e+00
-5.556318908859386063e+00
-5.145382907397205052e+00
-4.866010379549039477e+00
-5.140709454307868853e+00
-5.572072183046994809e+00
-6.456268644158585701e+00
-7.440581311778423412e+00
-3.833938725411635051e+00
1.677882318884568402e+00
5.774270111223123614e+00
4.405936506326844970e+00
4.444124907083190301e+00
4.590672785922848220e+00
4.658672997147365713e+00
4.687807068405718702e+00
4.809695134323880517e+00
4.648099822001435122e+00
4.257960935489473187e+00
3.241674677918141789e+00
2.407023018438489537e+00
2.482105518160125257e+00
2.370826746713758038e+00
2.624591207413375038e+00
2.682542202927269415e+00
2.887988735198544710e+00
3.188039368968866860e+00
3.269543614734667702e+00
3.557693661184393452e+00
3.460554980427732019e+00
3.700341389575716011e+00
3.607137549786584962e+00
3.813942045116830215e+00
3.670193610436327081e+00
3.875987991383780251e+00
3.781686825856280354e+00
3.950335978584650132e+00
3.998549990660876130e+00
3.967159841602053039e+00
4.100440720196915301e+00
4.221944118896514553e+00
4.157300805771918739e+00
4.416729088952030757e+00
4.437512439910140216e+00
1.163872411801964546e+00
-2.722420116607548568e+00
-5.636910048305964871e+00
-7.338323179090180837e+00
-7.009252404530609049e+00
-6.372164471167898192e+00
-5.531961536755317432e+00
-5.220373788510777935e+00
-4.973897990340201858e+00
-4.876623480583216264e+00
-5.003476618487233019e+00
-5.235637675606751529e+00
-5.593026878275681568e+00
-6.404432132978810976e+00
-6.694440698554811497e+00
-4.681006414242093072e+00
-2.434525177032132726e-01
3.665968957462889755e+00
5.484050061372641949e+00
3.093191955577435870e+00
6.825197149678502440e-01
2.784681705694324272e+00
3.626245140182054794e+00
4.050327705096568920e+00
3.594030518407923536e-01
-4.889041371064356545e-01
1.889943113244888950e+00
5.955543145004559280e-01
-2.788775908503072776e-01
-5.868564828287025081e-01
2.978000922299345543e+00
1.923730789854180667e+00
1.701737456268940685e+00
6.096280825548913151e-01
2.519094146693794833e+00
1.668759048574452786e+00
1.846469559342415190e+00
1.416026258186807496e+00
3.200093400090343376e+00
2.577402997071827517e+00
1.958972299259398531e+00
2.408696748469560056e+00
2.474473529887698309e+00
3.004694540024476446e+00
2.389044066752262996e+00
3.986700460132263313e+00
2.864736776844402311e+00
3.443393467466939750e+00
3.840436726002011802e+00
-9.845293397179073480e-01
-2.716392936735601005e+00
-4.179459600774777073e+00
-4.484042918741049100e+00
-5.335310596225325774e+00
-5.099890947717439893e+00
-4.973467161916313550e+00
-4.849943041727908799e+00
-4.878367252847319868e+00
-5.034812861437453435e+00
-5.090821144140657672e+00
-5.706906357135749452e+00
-6.047803198369280153e+00
-4.957133038761703858e+00
-1.936069541787171167e+00
1.485223496304732604e+00
3.510949959236048912e+00
-2.150527360906628882e+00
-9.435152411189783317e-01
1.168415859069351193e+00
-4.669072265073072714e+00
2.184149322875805765e+00
-7.552734977818033046e-01
-3.006609089127602719e+00
-7.511584901977399475e-01
-1.956727228390908291e+00
-1.526483836759397805e+00
-2.092508310663713900e+00
-8.844760738986245929e-01
-1.910444102904868657e+00
-1.677439020102535983e+00
1.137093438914097199e+00
2.982707521893372959e+00
-2.046715611568212356e+00
-3.924463568684259940e+00
2.840697965973911110e+00
1.133704922972232687e+00
2.604669381901453029e+00
-7.995827911786059783e-01
-4.092358449770632234e+00
1.246613914342806995e+00
-4.413527285478618722e+00
-4.780335804781103093e+00
-4.695815519134654892e+00
-4.721712042407135712e+00
-4.868207490471339938e+00
-4.848559976392667892e+00
-5.694847258266894308e+00
-6.533938427706002194e+00
-6.112945037193931341e+00
-1.241826212955461139e+00
-3.398936500515056025e+00
-1.304395542068731206e+00
-1.612813849896482798e+00
-1.434803510656265324e+00
-1.839691638188566847e+00
-4.593454075264674863e+00
-9.536992267698953807e-01
-7.856906378684077374e+00
-4.662458477407180446e+00
-2.227375372234276618e+00
-4.103058255126110332e+00
-4.652250972184670097e+00
-2.868969501855700432e+00
-1.293683427973034039e+00
-5.468056766619437958e+00
-4.495346885634671885e+00
7.761043407949460571e-01
-6.975982744568574034e+00
-4.490855553728820837e+00
-4.378753615764563456e+00
-3.280737952858158835e+00
-5.372927784262694573e+00
-2.243317995056352654e+00
-1.982747967754099117e+00
-4.680834323898437788e+00
-4.166139212396172020e+00
-2.557673551907719389e+00
-4.205543909862731411e+00
-5.679581360924042421e+00
-5.900623439549435023e-01
-3.839578965264355048e+00
-4.333254884801032603e+00
-9.643350366417289266e+00
-4.165569633565434415e+00
-3.505759664352630089e+00
-8.812825318130400376e+00
-6.347909459375517649e+00
-8.960824900447567742e+00
-8.986753599764723432e+00
-1.041075040256459872e+01
-9.154490825406266907e+00
-7.684271586241510299e+00
-6.240591032314537046e+00
-1.226785015300172610e+01
-1.326177625561509110e+01
-1.287636232207486842e+01
-1.115287556561155213e+01
-9.865524235192442148e+00
-8.699924829002869231e+00
-1.325235500047632620e+01
